chr	CO_start	CO_end	chr	CO_midpoint_Start	CO_midpoint_End	sample	
1	34993622	34994260	1	34993941	34993942	FBMB10_bowtie2_q5.bam.group	
1	40197567	211265586	1	125731576	125731577	FBMB10_bowtie2_q5.bam.group	
1	281524955	281525507	1	281525231	281525232	FBMB10_bowtie2_q5.bam.group	
2	15282860	15289170	2	15286015	15286016	FBMB10_bowtie2_q5.bam.group	
2	144074635	144075032	2	144074833	144074834	FBMB10_bowtie2_q5.bam.group	
2	219859751	219870668	2	219865209	219865210	FBMB10_bowtie2_q5.bam.group	
3	2156926	2157740	3	2157333	2157334	FBMB10_bowtie2_q5.bam.group	
3	181558050	181559598	3	181558824	181558825	FBMB10_bowtie2_q5.bam.group	
4	18222377	18223130	4	18222753	18222754	FBMB10_bowtie2_q5.bam.group	
4	184588907	184594396	4	184591651	184591652	FBMB10_bowtie2_q5.bam.group	
5	170971431	170972349	5	170971890	170971891	FBMB10_bowtie2_q5.bam.group	
9	145060174	145060904	9	145060539	145060540	FBMB10_bowtie2_q5.bam.group	
9	127216274	127217183	9	127216728	127216729	FBMB10_bowtie2_q5.bam.group	
10	5040301	5085742	10	5063021	5063022	FBMB10_bowtie2_q5.bam.group	
10	142076236	142077252	10	142076744	142076745	FBMB10_bowtie2_q5.bam.group	
1	166924352	166924939	1	166924645	166924646	FBMB105_ATCACG_L001_R1_001.fastq_q5.bam.group	
2	210684645	210696974	2	210690809	210690810	FBMB105_ATCACG_L001_R1_001.fastq_q5.bam.group	
3	152054494	152056004	3	152055249	152055250	FBMB105_ATCACG_L001_R1_001.fastq_q5.bam.group	
4	233068327	233068949	4	233068638	233068639	FBMB105_ATCACG_L001_R1_001.fastq_q5.bam.group	
5	15189345	15190061	5	15189703	15189704	FBMB105_ATCACG_L001_R1_001.fastq_q5.bam.group	
6	71206217	71215035	6	71210626	71210627	FBMB105_ATCACG_L001_R1_001.fastq_q5.bam.group	
6	150074175	151583327	6	150828751	150828752	FBMB105_ATCACG_L001_R1_001.fastq_q5.bam.group	
8	8303628	8303916	8	8303772	8303773	FBMB105_ATCACG_L001_R1_001.fastq_q5.bam.group	
8	131675584	136225649	8	133950616	133950617	FBMB105_ATCACG_L001_R1_001.fastq_q5.bam.group	
8	171597432	172097091	8	171847261	171847262	FBMB105_ATCACG_L001_R1_001.fastq_q5.bam.group	
9	143038789	143039211	9	143039000	143039001	FBMB105_ATCACG_L001_R1_001.fastq_q5.bam.group	
10	5040268	5104958	10	5072613	5072614	FBMB105_ATCACG_L001_R1_001.fastq_q5.bam.group	
10	139811253	139839987	10	139825620	139825621	FBMB105_ATCACG_L001_R1_001.fastq_q5.bam.group	
1	295473528	295475598	1	295474563	295474564	FBMB106_TTAGGC_L001_R1_001.fastq_q5.bam.group	
3	8942549	8974311	3	8958430	8958431	FBMB106_TTAGGC_L001_R1_001.fastq_q5.bam.group	
3	212616326	228946158	3	220781242	220781243	FBMB106_TTAGGC_L001_R1_001.fastq_q5.bam.group	
5	87432830	88334409	5	87883619	87883620	FBMB106_TTAGGC_L001_R1_001.fastq_q5.bam.group	
6	154728481	156458362	6	155593421	155593422	FBMB106_TTAGGC_L001_R1_001.fastq_q5.bam.group	
8	26099724	26101463	8	26100593	26100594	FBMB106_TTAGGC_L001_R1_001.fastq_q5.bam.group	
9	148446997	148447180	9	148447088	148447089	FBMB106_TTAGGC_L001_R1_001.fastq_q5.bam.group	
10	9589690	9597679	10	9593684	9593685	FBMB106_TTAGGC_L001_R1_001.fastq_q5.bam.group	
1	11944522	11944990	1	11944756	11944757	FBMB107_ACTTGA_L001_R1_001.fastq_q5.bam.group	
1	217454116	217454277	1	217454196	217454197	FBMB107_ACTTGA_L001_R1_001.fastq_q5.bam.group	
2	225836689	225856211	2	225846450	225846451	FBMB107_ACTTGA_L001_R1_001.fastq_q5.bam.group	
3	5842112	5845196	3	5843654	5843655	FBMB107_ACTTGA_L001_R1_001.fastq_q5.bam.group	
4	167032669	167032892	4	167032780	167032781	FBMB107_ACTTGA_L001_R1_001.fastq_q5.bam.group	
4	212725432	212725558	4	212725495	212725496	FBMB107_ACTTGA_L001_R1_001.fastq_q5.bam.group	
6	102109486	102110375	6	102109930	102109931	FBMB107_ACTTGA_L001_R1_001.fastq_q5.bam.group	
7	141827644	141827768	7	141827706	141827707	FBMB107_ACTTGA_L001_R1_001.fastq_q5.bam.group	
10	142163069	142163364	10	142163216	142163217	FBMB107_ACTTGA_L001_R1_001.fastq_q5.bam.group	
2	7046640	7056736	2	7051688	7051689	FBMB108_GATCAG_L001_R1_001.fastq_q5.bam.group	
2	222644015	222644677	2	222644346	222644347	FBMB108_GATCAG_L001_R1_001.fastq_q5.bam.group	
3	4880326	4880455	3	4880390	4880391	FBMB108_GATCAG_L001_R1_001.fastq_q5.bam.group	
3	170250454	170250522	3	170250488	170250489	FBMB108_GATCAG_L001_R1_001.fastq_q5.bam.group	
5	14862944	14901753	5	14882348	14882349	FBMB108_GATCAG_L001_R1_001.fastq_q5.bam.group	
6	111049178	111139909	6	111094543	111094544	FBMB108_GATCAG_L001_R1_001.fastq_q5.bam.group	
7	4123037	4145329	7	4134183	4134184	FBMB108_GATCAG_L001_R1_001.fastq_q5.bam.group	
7	167813451	167945340	7	167879395	167879396	FBMB108_GATCAG_L001_R1_001.fastq_q5.bam.group	
8	109257834	109258421	8	109258127	109258128	FBMB108_GATCAG_L001_R1_001.fastq_q5.bam.group	
9	139670047	139670421	9	139670234	139670235	FBMB108_GATCAG_L001_R1_001.fastq_q5.bam.group	
10	139125263	139142979	10	139134121	139134122	FBMB108_GATCAG_L001_R1_001.fastq_q5.bam.group	
3	8212694	8213247	3	8212970	8212971	FBMB109_TAGCTT_L001_R1_001.fastq	
4	5197429	5197899	4	5197664	5197665	FBMB109_TAGCTT_L001_R1_001.fastq	
8	5332116	5339043	8	5335579	5335580	FBMB109_TAGCTT_L001_R1_001.fastq	
8	94749315	94753802	8	94751558	94751559	FBMB109_TAGCTT_L001_R1_001.fastq	
8	110987267	110988050	8	110987658	110987659	FBMB109_TAGCTT_L001_R1_001.fastq	
9	139879318	139923662	9	139901490	139901491	FBMB109_TAGCTT_L001_R1_001.fastq	
10	6452340	6494941	10	6473640	6473641	FBMB109_TAGCTT_L001_R1_001.fastq	
1	217640142	217640448	1	217640295	217640296	FBMB11_bowtie2_q5.bam.group	
1	270669764	270670892	1	270670328	270670329	FBMB11_bowtie2_q5.bam.group	
4	17363455	17366472	4	17364963	17364964	FBMB11_bowtie2_q5.bam.group	
5	5298108	5325171	5	5311639	5311640	FBMB11_bowtie2_q5.bam.group	
5	150509095	150509507	5	150509301	150509302	FBMB11_bowtie2_q5.bam.group	
6	147137647	149201028	6	148169337	148169338	FBMB11_bowtie2_q5.bam.group	
8	6363384	6371524	8	6367454	6367455	FBMB11_bowtie2_q5.bam.group	
1	62100847	62100889	1	62100868	62100869	FBMB110_GGCTAC_L001_R1_001.fastq_q5.bam.group	
1	110571412	110636059	1	110603735	110603736	FBMB110_GGCTAC_L001_R1_001.fastq_q5.bam.group	
4	185725718	185725857	4	185725787	185725788	FBMB110_GGCTAC_L001_R1_001.fastq_q5.bam.group	
5	10106977	10113846	5	10110411	10110412	FBMB110_GGCTAC_L001_R1_001.fastq_q5.bam.group	
5	183495924	183500100	5	183498012	183498013	FBMB110_GGCTAC_L001_R1_001.fastq_q5.bam.group	
8	169192536	169192780	8	169192658	169192659	FBMB110_GGCTAC_L001_R1_001.fastq_q5.bam.group	
9	12725656	12791414	9	12758535	12758536	FBMB110_GGCTAC_L001_R1_001.fastq_q5.bam.group	
10	13979119	14083945	10	14031532	14031533	FBMB110_GGCTAC_L001_R1_001.fastq_q5.bam.group	
1	43497719	43497729	1	43497724	43497725	FBMB111_CGATGT_L001_R1_001.fastq_q5.bam.group	
1	293497132	294847767	1	294172449	294172450	FBMB111_CGATGT_L001_R1_001.fastq_q5.bam.group	
2	22951795	22951821	2	22951808	22951809	FBMB111_CGATGT_L001_R1_001.fastq_q5.bam.group	
2	217408031	217440488	2	217424259	217424260	FBMB111_CGATGT_L001_R1_001.fastq_q5.bam.group	
3	10065414	10066925	3	10066169	10066170	FBMB111_CGATGT_L001_R1_001.fastq_q5.bam.group	
3	177492690	177492756	3	177492723	177492724	FBMB111_CGATGT_L001_R1_001.fastq_q5.bam.group	
4	173941307	173985644	4	173963475	173963476	FBMB111_CGATGT_L001_R1_001.fastq_q5.bam.group	
8	11834856	11875267	8	11855061	11855062	FBMB111_CGATGT_L001_R1_001.fastq_q5.bam.group	
8	169518083	169518206	8	169518144	169518145	FBMB111_CGATGT_L001_R1_001.fastq_q5.bam.group	
9	14847995	14849037	9	14848516	14848517	FBMB111_CGATGT_L001_R1_001.fastq_q5.bam.group	
10	141158170	141239437	10	141198803	141198804	FBMB111_CGATGT_L001_R1_001.fastq_q5.bam.group	
1	257956283	257969958	1	257963120	257963121	FBMB112_TGACCA_L001_R1_001.fastq_q5.bam.group	
3	142953794	143088575	3	143021184	143021185	FBMB112_TGACCA_L001_R1_001.fastq_q5.bam.group	
4	18213848	18215220	4	18214534	18214535	FBMB112_TGACCA_L001_R1_001.fastq_q5.bam.group	
5	53115262	53115746	5	53115504	53115505	FBMB112_TGACCA_L001_R1_001.fastq_q5.bam.group	
6	162031978	162069072	6	162050525	162050526	FBMB112_TGACCA_L001_R1_001.fastq_q5.bam.group	
8	20671644	20671789	8	20671716	20671717	FBMB112_TGACCA_L001_R1_001.fastq_q5.bam.group	
8	118078028	118078539	8	118078283	118078284	FBMB112_TGACCA_L001_R1_001.fastq_q5.bam.group	
10	71164098	71167956	10	71166027	71166028	FBMB112_TGACCA_L001_R1_001.fastq_q5.bam.group	
1	295884893	295891531	1	295888212	295888213	FBMB113_ACAGTG_L001_R1_001.fastq_q5.bam.group	
2	48699354	48700286	2	48699820	48699821	FBMB113_ACAGTG_L001_R1_001.fastq_q5.bam.group	
3	4707789	4707876	3	4707832	4707833	FBMB113_ACAGTG_L001_R1_001.fastq_q5.bam.group	
3	172380977	172382705	3	172381841	172381842	FBMB113_ACAGTG_L001_R1_001.fastq_q5.bam.group	
4	174959161	174960213	4	174959687	174959688	FBMB113_ACAGTG_L001_R1_001.fastq_q5.bam.group	
5	27953228	27953678	5	27953453	27953454	FBMB113_ACAGTG_L001_R1_001.fastq_q5.bam.group	
7	2630461	2630640	7	2630550	2630551	FBMB113_ACAGTG_L001_R1_001.fastq_q5.bam.group	
8	103591571	103638141	8	103614856	103614857	FBMB113_ACAGTG_L001_R1_001.fastq_q5.bam.group	
9	111380641	111382792	9	111381716	111381717	FBMB113_ACAGTG_L001_R1_001.fastq_q5.bam.group	
1	2239328	6038070	1	4138699	4138700	FBMB114_GCCAAT_L001_R1_001.fastq_q5.bam.group	
1	180664088	180713600	1	180688844	180688845	FBMB114_GCCAAT_L001_R1_001.fastq_q5.bam.group	
1	224114896	224145942	1	224130419	224130420	FBMB114_GCCAAT_L001_R1_001.fastq_q5.bam.group	
2	215554835	215555569	2	215555202	215555203	FBMB114_GCCAAT_L001_R1_001.fastq_q5.bam.group	
3	19391513	19595841	3	19493677	19493678	FBMB114_GCCAAT_L001_R1_001.fastq_q5.bam.group	
3	173003265	173003585	3	173003425	173003426	FBMB114_GCCAAT_L001_R1_001.fastq_q5.bam.group	
4	4858019	4858561	4	4858290	4858291	FBMB114_GCCAAT_L001_R1_001.fastq_q5.bam.group	
6	128255387	128255984	6	128255685	128255686	FBMB114_GCCAAT_L001_R1_001.fastq_q5.bam.group	
8	4727576	4728110	8	4727843	4727844	FBMB114_GCCAAT_L001_R1_001.fastq_q5.bam.group	
9	7012153	7012170	9	7012161	7012162	FBMB114_GCCAAT_L001_R1_001.fastq_q5.bam.group	
9	133795353	133795565	9	133795459	133795460	FBMB114_GCCAAT_L001_R1_001.fastq_q5.bam.group	
1	46685707	46685818	1	46685762	46685763	FBMB115_CAGATC_L001_R1_001.fastq_q5.bam.group	
2	212421719	212421908	2	212421813	212421814	FBMB115_CAGATC_L001_R1_001.fastq_q5.bam.group	
3	175537642	175540196	3	175538919	175538920	FBMB115_CAGATC_L001_R1_001.fastq_q5.bam.group	
4	144250691	144283104	4	144266897	144266898	FBMB115_CAGATC_L001_R1_001.fastq_q5.bam.group	
7	6915467	6915531	7	6915499	6915500	FBMB115_CAGATC_L001_R1_001.fastq_q5.bam.group	
7	156646340	156646929	7	156646634	156646635	FBMB115_CAGATC_L001_R1_001.fastq_q5.bam.group	
8	165716608	165843558	8	165780083	165780084	FBMB115_CAGATC_L001_R1_001.fastq_q5.bam.group	
9	151270792	151271609	9	151271200	151271201	FBMB115_CAGATC_L001_R1_001.fastq_q5.bam.group	
1	6038070	6038132	1	6038101	6038102	FBMB116_CTTGTA_L001_R1_001.fastq_q5.bam.group	
1	88455750	88482668	1	88469209	88469210	FBMB116_CTTGTA_L001_R1_001.fastq_q5.bam.group	
2	17686607	17689222	2	17687914	17687915	FBMB116_CTTGTA_L001_R1_001.fastq_q5.bam.group	
3	8303029	8304000	3	8303514	8303515	FBMB116_CTTGTA_L001_R1_001.fastq_q5.bam.group	
5	6109686	6112878	5	6111282	6111283	FBMB116_CTTGTA_L001_R1_001.fastq_q5.bam.group	
5	199307823	199447400	5	199377611	199377612	FBMB116_CTTGTA_L001_R1_001.fastq_q5.bam.group	
6	114940986	114942216	6	114941601	114941602	FBMB116_CTTGTA_L001_R1_001.fastq_q5.bam.group	
7	168242979	168273399	7	168258189	168258190	FBMB116_CTTGTA_L001_R1_001.fastq_q5.bam.group	
8	76031706	76039162	8	76035434	76035435	FBMB116_CTTGTA_L001_R1_001.fastq_q5.bam.group	
9	147151103	147151184	9	147151143	147151144	FBMB116_CTTGTA_L001_R1_001.fastq_q5.bam.group	
10	143826210	143826776	10	143826493	143826494	FBMB116_CTTGTA_L001_R1_001.fastq_q5.bam.group	
1	286439534	286440020	1	286439777	286439778	FBMB117_ATCACG_L002_R1_cm.fastq_q5.bam.group	
2	232032693	232032831	2	232032762	232032763	FBMB117_ATCACG_L002_R1_cm.fastq_q5.bam.group	
3	19832308	19832756	3	19832532	19832533	FBMB117_ATCACG_L002_R1_cm.fastq_q5.bam.group	
3	128649557	128649587	3	128649572	128649573	FBMB117_ATCACG_L002_R1_cm.fastq_q5.bam.group	
5	11895117	11896423	5	11895770	11895771	FBMB117_ATCACG_L002_R1_cm.fastq_q5.bam.group	
7	167142057	167511042	7	167326549	167326550	FBMB117_ATCACG_L002_R1_cm.fastq_q5.bam.group	
10	141271770	141272182	10	141271976	141271977	FBMB117_ATCACG_L002_R1_cm.fastq_q5.bam.group	
2	14255952	14295782	2	14275867	14275868	FBMB118_TTAGGC_L002_R1_cm.fastq_q5.bam.group	
2	60948180	60948250	2	60948215	60948216	FBMB118_TTAGGC_L002_R1_cm.fastq_q5.bam.group	
2	218385052	218454348	2	218419700	218419701	FBMB118_TTAGGC_L002_R1_cm.fastq_q5.bam.group	
4	182048906	182049080	4	182048993	182048994	FBMB118_TTAGGC_L002_R1_cm.fastq_q5.bam.group	
5	22355636	22356869	5	22356252	22356253	FBMB118_TTAGGC_L002_R1_cm.fastq_q5.bam.group	
7	11715130	11718458	7	11716794	11716795	FBMB118_TTAGGC_L002_R1_cm.fastq_q5.bam.group	
9	134564472	134567374	9	134565923	134565924	FBMB118_TTAGGC_L002_R1_cm.fastq_q5.bam.group	
9	10025943	10035857	9	10030900	10030901	FBMB118_TTAGGC_L002_R1_cm.fastq_q5.bam.group	
1	84298167	84298252	1	84298209	84298210	FBMB119_ACTTGA_L002_R1_cm.fastq_q5.bam.group	
1	89399339	211265586	1	150332462	150332463	FBMB119_ACTTGA_L002_R1_cm.fastq_q5.bam.group	
1	293154467	293154759	1	293154613	293154614	FBMB119_ACTTGA_L002_R1_cm.fastq_q5.bam.group	
2	27549389	27848330	2	27698859	27698860	FBMB119_ACTTGA_L002_R1_cm.fastq_q5.bam.group	
3	9377170	9378475	3	9377822	9377823	FBMB119_ACTTGA_L002_R1_cm.fastq_q5.bam.group	
3	182059287	182059504	3	182059395	182059396	FBMB119_ACTTGA_L002_R1_cm.fastq_q5.bam.group	
3	228946158	228976624	3	228961391	228961392	FBMB119_ACTTGA_L002_R1_cm.fastq_q5.bam.group	
5	10106977	10113846	5	10110411	10110412	FBMB119_ACTTGA_L002_R1_cm.fastq_q5.bam.group	
6	18993618	18993873	6	18993745	18993746	FBMB119_ACTTGA_L002_R1_cm.fastq_q5.bam.group	
7	25159611	25161409	7	25160510	25160511	FBMB119_ACTTGA_L002_R1_cm.fastq_q5.bam.group	
7	131437456	131438308	7	131437882	131437883	FBMB119_ACTTGA_L002_R1_cm.fastq_q5.bam.group	
8	2744604	2889035	8	2816819	2816820	FBMB119_ACTTGA_L002_R1_cm.fastq_q5.bam.group	
9	137092223	137092351	9	137092287	137092288	FBMB119_ACTTGA_L002_R1_cm.fastq_q5.bam.group	
9	7551994	7641659	9	7596826	7596827	FBMB119_ACTTGA_L002_R1_cm.fastq_q5.bam.group	
10	6861172	6862668	10	6861920	6861921	FBMB119_ACTTGA_L002_R1_cm.fastq_q5.bam.group	
4	234420126	234424157	4	234422141	234422142	FBMB12_bowtie2_q5.bam.group	
5	76218098	76218671	5	76218384	76218385	FBMB12_bowtie2_q5.bam.group	
6	150074175	151583327	6	150828751	150828752	FBMB12_bowtie2_q5.bam.group	
2	222208774	222210344	2	222209559	222209560	FBMB120_GATCAG_L002_R1_cm.fastq	
4	3474315	3475805	4	3475060	3475061	FBMB120_GATCAG_L002_R1_cm.fastq	
8	119370687	119374330	8	119372508	119372509	FBMB120_GATCAG_L002_R1_cm.fastq	
1	203551672	260400308	1	231975990	231975991	FBMB121_TAGCTT_L002_R1_cm.fastq_q5.bam.group	
2	222208774	222210344	2	222209559	222209560	FBMB121_TAGCTT_L002_R1_cm.fastq_q5.bam.group	
4	179080589	179081111	4	179080850	179080851	FBMB121_TAGCTT_L002_R1_cm.fastq_q5.bam.group	
6	111049178	111139909	6	111094543	111094544	FBMB121_TAGCTT_L002_R1_cm.fastq_q5.bam.group	
7	4827678	4827845	7	4827761	4827762	FBMB121_TAGCTT_L002_R1_cm.fastq_q5.bam.group	
9	142044596	142044868	9	142044732	142044733	FBMB121_TAGCTT_L002_R1_cm.fastq_q5.bam.group	
10	7105040	7105296	10	7105168	7105169	FBMB121_TAGCTT_L002_R1_cm.fastq_q5.bam.group	
1	276961080	276986608	1	276973844	276973845	FBMB122_CGATGT_L008_R1_001.fastq_q5.bam.group	
3	9436000	9450165	3	9443082	9443083	FBMB122_CGATGT_L008_R1_001.fastq_q5.bam.group	
4	4805234	4807350	4	4806292	4806293	FBMB122_CGATGT_L008_R1_001.fastq_q5.bam.group	
5	173804762	173810611	5	173807686	173807687	FBMB122_CGATGT_L008_R1_001.fastq_q5.bam.group	
6	154682763	154692583	6	154687673	154687674	FBMB122_CGATGT_L008_R1_001.fastq_q5.bam.group	
7	5775467	5781434	7	5778450	5778451	FBMB122_CGATGT_L008_R1_001.fastq_q5.bam.group	
8	101873760	101874359	8	101874059	101874060	FBMB122_CGATGT_L008_R1_001.fastq_q5.bam.group	
9	138630434	138689528	9	138659981	138659982	FBMB122_CGATGT_L008_R1_001.fastq_q5.bam.group	
1	71696647	71950710	1	71823678	71823679	FBMB123_GGCTAC_L002_R1_cm.fastq_q5.bam.group	
1	77596880	211265586	1	144431233	144431234	FBMB123_GGCTAC_L002_R1_cm.fastq_q5.bam.group	
1	286980899	286981185	1	286981042	286981043	FBMB123_GGCTAC_L002_R1_cm.fastq_q5.bam.group	
2	136350297	136351172	2	136350734	136350735	FBMB123_GGCTAC_L002_R1_cm.fastq_q5.bam.group	
2	230606509	230606894	2	230606701	230606702	FBMB123_GGCTAC_L002_R1_cm.fastq_q5.bam.group	
3	2783706	2783774	3	2783740	2783741	FBMB123_GGCTAC_L002_R1_cm.fastq_q5.bam.group	
3	168430435	168440688	3	168435561	168435562	FBMB123_GGCTAC_L002_R1_cm.fastq_q5.bam.group	
4	159981065	159981146	4	159981105	159981106	FBMB123_GGCTAC_L002_R1_cm.fastq_q5.bam.group	
5	6304808	6314477	5	6309642	6309643	FBMB123_GGCTAC_L002_R1_cm.fastq_q5.bam.group	
5	176030507	176031976	5	176031241	176031242	FBMB123_GGCTAC_L002_R1_cm.fastq_q5.bam.group	
7	17694374	17695970	7	17695172	17695173	FBMB123_GGCTAC_L002_R1_cm.fastq_q5.bam.group	
7	146464756	146470586	7	146467671	146467672	FBMB123_GGCTAC_L002_R1_cm.fastq_q5.bam.group	
8	4453136	4453396	8	4453266	4453267	FBMB123_GGCTAC_L002_R1_cm.fastq_q5.bam.group	
9	134616825	134616998	9	134616911	134616912	FBMB123_GGCTAC_L002_R1_cm.fastq_q5.bam.group	
1	281335577	281335590	1	281335583	281335584	FBMB124_TGACCA_L008_R1_001.fastq_q5.bam.group	
3	22569644	22570710	3	22570177	22570178	FBMB124_TGACCA_L008_R1_001.fastq_q5.bam.group	
3	187444992	187445121	3	187445056	187445057	FBMB124_TGACCA_L008_R1_001.fastq_q5.bam.group	
4	14032160	14033065	4	14032612	14032613	FBMB124_TGACCA_L008_R1_001.fastq_q5.bam.group	
4	180044291	180054727	4	180049509	180049510	FBMB124_TGACCA_L008_R1_001.fastq_q5.bam.group	
6	106765435	106778903	6	106772169	106772170	FBMB124_TGACCA_L008_R1_001.fastq_q5.bam.group	
7	134137070	134137505	7	134137287	134137288	FBMB124_TGACCA_L008_R1_001.fastq_q5.bam.group	
8	118075400	118075477	8	118075438	118075439	FBMB124_TGACCA_L008_R1_001.fastq_q5.bam.group	
1	21756319	21797549	1	21776934	21776935	FBMB125_CGATGT_L002_R1_001.fastq_q5.bam.group	
1	242900077	242918034	1	242909055	242909056	FBMB125_CGATGT_L002_R1_001.fastq_q5.bam.group	
2	14069909	14103667	2	14086788	14086789	FBMB125_CGATGT_L002_R1_001.fastq_q5.bam.group	
2	208331018	208340028	2	208335523	208335524	FBMB125_CGATGT_L002_R1_001.fastq_q5.bam.group	
4	178576325	178576630	4	178576477	178576478	FBMB125_CGATGT_L002_R1_001.fastq_q5.bam.group	
5	199447400	200303940	5	199875670	199875671	FBMB125_CGATGT_L002_R1_001.fastq_q5.bam.group	
6	94759445	94759731	6	94759588	94759589	FBMB125_CGATGT_L002_R1_001.fastq_q5.bam.group	
7	2871286	2874924	7	2873105	2873106	FBMB125_CGATGT_L002_R1_001.fastq_q5.bam.group	
7	143416968	143417361	7	143417164	143417165	FBMB125_CGATGT_L002_R1_001.fastq_q5.bam.group	
8	3119340	4451469	8	3785404	3785405	FBMB125_CGATGT_L002_R1_001.fastq_q5.bam.group	
8	164066024	164067678	8	164066851	164066852	FBMB125_CGATGT_L002_R1_001.fastq_q5.bam.group	
9	87287091	87287372	9	87287231	87287232	FBMB125_CGATGT_L002_R1_001.fastq_q5.bam.group	
10	14496467	14496501	10	14496484	14496485	FBMB125_CGATGT_L002_R1_001.fastq_q5.bam.group	
1	11946973	11951730	1	11949351	11949352	FBMB126_ACAGTG_L008_R1_001.fastq_q5.bam.group	
1	265671329	265681114	1	265676221	265676222	FBMB126_ACAGTG_L008_R1_001.fastq_q5.bam.group	
3	9808377	9808934	3	9808655	9808656	FBMB126_ACAGTG_L008_R1_001.fastq_q5.bam.group	
4	5153995	5155624	4	5154809	5154810	FBMB126_ACAGTG_L008_R1_001.fastq_q5.bam.group	
5	22737172	22741123	5	22739147	22739148	FBMB126_ACAGTG_L008_R1_001.fastq_q5.bam.group	
5	200671955	200672177	5	200672066	200672067	FBMB126_ACAGTG_L008_R1_001.fastq_q5.bam.group	
6	154728481	156458362	6	155593421	155593422	FBMB126_ACAGTG_L008_R1_001.fastq_q5.bam.group	
7	168585527	168591667	7	168588597	168588598	FBMB126_ACAGTG_L008_R1_001.fastq_q5.bam.group	
8	97711502	97714301	8	97712901	97712902	FBMB126_ACAGTG_L008_R1_001.fastq_q5.bam.group	
9	151183945	151184808	9	151184376	151184377	FBMB126_ACAGTG_L008_R1_001.fastq_q5.bam.group	
9	26820597	26821173	9	26820885	26820886	FBMB126_ACAGTG_L008_R1_001.fastq_q5.bam.group	
1	178407715	178407776	1	178407745	178407746	FBMB127_TGACCA_L002_R1_001.fastq_q5.bam.group	
2	10660191	10664345	2	10662268	10662269	FBMB127_TGACCA_L002_R1_001.fastq_q5.bam.group	
7	26967544	26997849	7	26982696	26982697	FBMB127_TGACCA_L002_R1_001.fastq_q5.bam.group	
8	35399900	35400663	8	35400281	35400282	FBMB127_TGACCA_L002_R1_001.fastq_q5.bam.group	
8	169063636	169064639	8	169064137	169064138	FBMB127_TGACCA_L002_R1_001.fastq_q5.bam.group	
9	123361306	123368227	9	123364766	123364767	FBMB127_TGACCA_L002_R1_001.fastq_q5.bam.group	
10	139230416	139250295	10	139240355	139240356	FBMB127_TGACCA_L002_R1_001.fastq_q5.bam.group	
1	8537290	8537344	1	8537317	8537318	FBMB128_ACAGTG_L002_R1_001.fastq_q5.bam.group	
1	85017128	85017445	1	85017286	85017287	FBMB128_ACAGTG_L002_R1_001.fastq_q5.bam.group	
1	296964793	296969007	1	296966900	296966901	FBMB128_ACAGTG_L002_R1_001.fastq_q5.bam.group	
2	22610142	22611645	2	22610893	22610894	FBMB128_ACAGTG_L002_R1_001.fastq_q5.bam.group	
2	214661368	214664669	2	214663018	214663019	FBMB128_ACAGTG_L002_R1_001.fastq_q5.bam.group	
3	209839175	209839951	3	209839563	209839564	FBMB128_ACAGTG_L002_R1_001.fastq_q5.bam.group	
4	13232840	13232943	4	13232891	13232892	FBMB128_ACAGTG_L002_R1_001.fastq_q5.bam.group	
4	181928331	181944551	4	181936441	181936442	FBMB128_ACAGTG_L002_R1_001.fastq_q5.bam.group	
5	76097976	76099091	5	76098533	76098534	FBMB128_ACAGTG_L002_R1_001.fastq_q5.bam.group	
6	156828670	156865791	6	156847230	156847231	FBMB128_ACAGTG_L002_R1_001.fastq_q5.bam.group	
8	6574212	6583168	8	6578690	6578691	FBMB128_ACAGTG_L002_R1_001.fastq_q5.bam.group	
8	130684972	130686454	8	130685713	130685714	FBMB128_ACAGTG_L002_R1_001.fastq_q5.bam.group	
8	166793722	166838305	8	166816013	166816014	FBMB128_ACAGTG_L002_R1_001.fastq_q5.bam.group	
9	6291139	6298980	9	6295059	6295060	FBMB128_ACAGTG_L002_R1_001.fastq_q5.bam.group	
10	10616216	10619579	10	10617897	10617898	FBMB128_ACAGTG_L002_R1_001.fastq_q5.bam.group	
10	135061013	135061060	10	135061036	135061037	FBMB128_ACAGTG_L002_R1_001.fastq_q5.bam.group	
1	15786532	15786901	1	15786716	15786717	FBMB129_GCCAAT_L002_R1_001.fastq_q5.bam.group	
1	251145668	251145768	1	251145718	251145719	FBMB129_GCCAAT_L002_R1_001.fastq_q5.bam.group	
2	233673930	233675143	2	233674536	233674537	FBMB129_GCCAAT_L002_R1_001.fastq_q5.bam.group	
3	22697178	22718974	3	22708076	22708077	FBMB129_GCCAAT_L002_R1_001.fastq_q5.bam.group	
4	10218860	10218917	4	10218888	10218889	FBMB129_GCCAAT_L002_R1_001.fastq_q5.bam.group	
4	82244469	82247341	4	82245905	82245906	FBMB129_GCCAAT_L002_R1_001.fastq_q5.bam.group	
5	38760840	39797920	5	39279380	39279381	FBMB129_GCCAAT_L002_R1_001.fastq_q5.bam.group	
6	105083587	105087689	6	105085638	105085639	FBMB129_GCCAAT_L002_R1_001.fastq_q5.bam.group	
6	117443908	122075433	6	119759670	119759671	FBMB129_GCCAAT_L002_R1_001.fastq_q5.bam.group	
7	4260456	4260684	7	4260570	4260571	FBMB129_GCCAAT_L002_R1_001.fastq_q5.bam.group	
7	142399609	142420593	7	142410101	142410102	FBMB129_GCCAAT_L002_R1_001.fastq_q5.bam.group	
8	7298968	7299673	8	7299320	7299321	FBMB129_GCCAAT_L002_R1_001.fastq_q5.bam.group	
9	8420867	8425716	9	8423291	8423292	FBMB129_GCCAAT_L002_R1_001.fastq_q5.bam.group	
2	16873555	16874513	2	16874034	16874035	FBMB13_bowtie2_q5.bam.group	
2	214672089	214692956	2	214682522	214682523	FBMB13_bowtie2_q5.bam.group	
4	13418727	13426272	4	13422499	13422500	FBMB13_bowtie2_q5.bam.group	
5	43405310	44475329	5	43940319	43940320	FBMB13_bowtie2_q5.bam.group	
6	114936580	114937385	6	114936982	114936983	FBMB13_bowtie2_q5.bam.group	
7	141578841	141579500	7	141579170	141579171	FBMB13_bowtie2_q5.bam.group	
8	131675584	136225649	8	133950616	133950617	FBMB13_bowtie2_q5.bam.group	
9	2931657	6000645	9	4466151	4466152	FBMB13_bowtie2_q5.bam.group	
9	137414914	137416108	9	137415511	137415512	FBMB13_bowtie2_q5.bam.group	
10	6861411	6862668	10	6862039	6862040	FBMB13_bowtie2_q5.bam.group	
1	2239328	6038070	1	4138699	4138700	FBMB130_CAGATC_L002_R1_001.fastq_q5.bam.group	
2	215040976	215041432	2	215041204	215041205	FBMB130_CAGATC_L002_R1_001.fastq_q5.bam.group	
4	3474315	3475805	4	3475060	3475061	FBMB130_CAGATC_L002_R1_001.fastq_q5.bam.group	
6	102284476	102300208	6	102292342	102292343	FBMB130_CAGATC_L002_R1_001.fastq_q5.bam.group	
7	167629684	167630180	7	167629932	167629933	FBMB130_CAGATC_L002_R1_001.fastq_q5.bam.group	
8	172376091	172398415	8	172387253	172387254	FBMB130_CAGATC_L002_R1_001.fastq_q5.bam.group	
9	11162378	11163887	9	11163132	11163133	FBMB130_CAGATC_L002_R1_001.fastq_q5.bam.group	
10	141268768	141270634	10	141269701	141269702	FBMB130_CAGATC_L002_R1_001.fastq_q5.bam.group	
1	62284317	62294864	1	62289590	62289591	FBMB131_CTTGTA_L002_R1_001.fastq_q5.bam.group	
1	174545538	174552857	1	174549197	174549198	FBMB131_CTTGTA_L002_R1_001.fastq_q5.bam.group	
1	289113136	289113366	1	289113251	289113252	FBMB131_CTTGTA_L002_R1_001.fastq_q5.bam.group	
2	10383582	10384330	2	10383956	10383957	FBMB131_CTTGTA_L002_R1_001.fastq_q5.bam.group	
5	188916790	188917363	5	188917076	188917077	FBMB131_CTTGTA_L002_R1_001.fastq_q5.bam.group	
6	31318952	32338088	6	31828520	31828521	FBMB131_CTTGTA_L002_R1_001.fastq_q5.bam.group	
7	167613184	167613855	7	167613519	167613520	FBMB131_CTTGTA_L002_R1_001.fastq_q5.bam.group	
8	171597432	172097091	8	171847261	171847262	FBMB131_CTTGTA_L002_R1_001.fastq_q5.bam.group	
9	106413649	107151247	9	106782448	106782449	FBMB131_CTTGTA_L002_R1_001.fastq_q5.bam.group	
10	4966963	4984375	10	4975669	4975670	FBMB131_CTTGTA_L002_R1_001.fastq_q5.bam.group	
1	82943265	82944119	1	82943692	82943693	FBMB132_ATCACG_L003_R1_001.fastq_q5.bam.group	
1	174285834	174285880	1	174285857	174285858	FBMB132_ATCACG_L003_R1_001.fastq_q5.bam.group	
3	3538508	3550141	3	3544324	3544325	FBMB132_ATCACG_L003_R1_001.fastq_q5.bam.group	
3	183647720	183648873	3	183648296	183648297	FBMB132_ATCACG_L003_R1_001.fastq_q5.bam.group	
5	195331065	195403697	5	195367381	195367382	FBMB132_ATCACG_L003_R1_001.fastq_q5.bam.group	
7	162758826	162944721	7	162851773	162851774	FBMB132_ATCACG_L003_R1_001.fastq_q5.bam.group	
8	8863107	8863187	8	8863147	8863148	FBMB132_ATCACG_L003_R1_001.fastq_q5.bam.group	
8	121887265	121889870	8	121888567	121888568	FBMB132_ATCACG_L003_R1_001.fastq_q5.bam.group	
9	12924343	12944783	9	12934563	12934564	FBMB132_ATCACG_L003_R1_001.fastq_q5.bam.group	
10	10580347	10580416	10	10580381	10580382	FBMB132_ATCACG_L003_R1_001.fastq_q5.bam.group	
1	83004026	83009383	1	83006704	83006705	FBMB133_TTAGGC_L003_R1_001.fastq_q5.bam.group	
1	224372026	224372086	1	224372056	224372057	FBMB133_TTAGGC_L003_R1_001.fastq_q5.bam.group	
1	251620097	251622111	1	251621104	251621105	FBMB133_TTAGGC_L003_R1_001.fastq_q5.bam.group	
1	264388293	264530614	1	264459453	264459454	FBMB133_TTAGGC_L003_R1_001.fastq_q5.bam.group	
2	205798958	205799462	2	205799210	205799211	FBMB133_TTAGGC_L003_R1_001.fastq_q5.bam.group	
3	3986869	3987445	3	3987157	3987158	FBMB133_TTAGGC_L003_R1_001.fastq_q5.bam.group	
3	181615798	181616971	3	181616384	181616385	FBMB133_TTAGGC_L003_R1_001.fastq_q5.bam.group	
4	4749744	4749900	4	4749822	4749823	FBMB133_TTAGGC_L003_R1_001.fastq_q5.bam.group	
6	111748806	111759924	6	111754365	111754366	FBMB133_TTAGGC_L003_R1_001.fastq_q5.bam.group	
7	7449265	7449737	7	7449501	7449502	FBMB133_TTAGGC_L003_R1_001.fastq_q5.bam.group	
9	135889204	135890139	9	135889671	135889672	FBMB133_TTAGGC_L003_R1_001.fastq_q5.bam.group	
1	10829587	11300762	1	11065174	11065175	FBMB134_ACTTGA_L003_R1_001.fastq_q5.bam.group	
1	77846168	77846311	1	77846239	77846240	FBMB134_ACTTGA_L003_R1_001.fastq_q5.bam.group	
1	203546851	203547137	1	203546994	203546995	FBMB134_ACTTGA_L003_R1_001.fastq_q5.bam.group	
2	168536200	168536255	2	168536227	168536228	FBMB134_ACTTGA_L003_R1_001.fastq_q5.bam.group	
3	1975926	1976506	3	1976216	1976217	FBMB134_ACTTGA_L003_R1_001.fastq_q5.bam.group	
4	13164783	13165521	4	13165152	13165153	FBMB134_ACTTGA_L003_R1_001.fastq_q5.bam.group	
4	173295060	173905899	4	173600479	173600480	FBMB134_ACTTGA_L003_R1_001.fastq_q5.bam.group	
5	43048272	43048434	5	43048353	43048354	FBMB134_ACTTGA_L003_R1_001.fastq_q5.bam.group	
7	161863616	161863760	7	161863688	161863689	FBMB134_ACTTGA_L003_R1_001.fastq_q5.bam.group	
8	4453089	4453136	8	4453112	4453113	FBMB134_ACTTGA_L003_R1_001.fastq_q5.bam.group	
8	131527023	131530344	8	131528683	131528684	FBMB134_ACTTGA_L003_R1_001.fastq_q5.bam.group	
9	149667167	149668552	9	149667859	149667860	FBMB134_ACTTGA_L003_R1_001.fastq_q5.bam.group	
10	5454096	5456593	10	5455344	5455345	FBMB134_ACTTGA_L003_R1_001.fastq_q5.bam.group	
2	144073579	144073708	2	144073643	144073644	FBMB135_GATCAG_L003_R1_001.fastq_q5.bam.group	
3	2126980	2128380	3	2127680	2127681	FBMB135_GATCAG_L003_R1_001.fastq_q5.bam.group	
6	131451035	131451361	6	131451198	131451199	FBMB135_GATCAG_L003_R1_001.fastq_q5.bam.group	
7	6063964	6064240	7	6064102	6064103	FBMB135_GATCAG_L003_R1_001.fastq_q5.bam.group	
8	5331674	5332035	8	5331854	5331855	FBMB135_GATCAG_L003_R1_001.fastq_q5.bam.group	
10	6032968	6043448	10	6038208	6038209	FBMB135_GATCAG_L003_R1_001.fastq_q5.bam.group	
1	7401398	7401697	1	7401547	7401548	FBMB136_TAGCTT_L003_R1_001.fastq_q5.bam.group	
2	28894216	30777816	2	29836016	29836017	FBMB136_TAGCTT_L003_R1_001.fastq_q5.bam.group	
3	28955337	28957519	3	28956428	28956429	FBMB136_TAGCTT_L003_R1_001.fastq_q5.bam.group	
4	7150910	7150980	4	7150945	7150946	FBMB136_TAGCTT_L003_R1_001.fastq_q5.bam.group	
4	192779495	196809781	4	194794638	194794639	FBMB136_TAGCTT_L003_R1_001.fastq_q5.bam.group	
5	156814436	156831976	5	156823206	156823207	FBMB136_TAGCTT_L003_R1_001.fastq_q5.bam.group	
5	201404044	201404098	5	201404071	201404072	FBMB136_TAGCTT_L003_R1_001.fastq_q5.bam.group	
8	75302856	75304014	8	75303435	75303436	FBMB136_TAGCTT_L003_R1_001.fastq_q5.bam.group	
8	160107010	160600220	8	160353615	160353616	FBMB136_TAGCTT_L003_R1_001.fastq_q5.bam.group	
9	21961931	21964095	9	21963013	21963014	FBMB136_TAGCTT_L003_R1_001.fastq_q5.bam.group	
1	12514012	12515281	1	12514646	12514647	FBMB137_GGCTAC_L003_R1_001.fastq_q5.bam.group	
1	196428156	196429745	1	196428950	196428951	FBMB137_GGCTAC_L003_R1_001.fastq_q5.bam.group	
2	199205166	199206642	2	199205904	199205905	FBMB137_GGCTAC_L003_R1_001.fastq_q5.bam.group	
3	9236249	9236741	3	9236495	9236496	FBMB137_GGCTAC_L003_R1_001.fastq_q5.bam.group	
5	63207008	63210275	5	63208641	63208642	FBMB137_GGCTAC_L003_R1_001.fastq_q5.bam.group	
5	176029852	176030237	5	176030044	176030045	FBMB137_GGCTAC_L003_R1_001.fastq_q5.bam.group	
8	6574212	6583168	8	6578690	6578691	FBMB137_GGCTAC_L003_R1_001.fastq_q5.bam.group	
9	146697879	146698409	9	146698144	146698145	FBMB137_GGCTAC_L003_R1_001.fastq_q5.bam.group	
10	132350586	132351568	10	132351077	132351078	FBMB137_GGCTAC_L003_R1_001.fastq_q5.bam.group	
2	10628204	10646592	2	10637398	10637399	FBMB138_CGATGT_L003_R1_001.fastq_q5.bam.group	
3	10522051	10522517	3	10522284	10522285	FBMB138_CGATGT_L003_R1_001.fastq_q5.bam.group	
3	176564789	176566556	3	176565672	176565673	FBMB138_CGATGT_L003_R1_001.fastq_q5.bam.group	
3	185525080	185525646	3	185525363	185525364	FBMB138_CGATGT_L003_R1_001.fastq_q5.bam.group	
4	3471724	3473546	4	3472635	3472636	FBMB138_CGATGT_L003_R1_001.fastq_q5.bam.group	
7	3011155	3012893	7	3012024	3012025	FBMB138_CGATGT_L003_R1_001.fastq_q5.bam.group	
1	12487609	12487720	1	12487664	12487665	FBMB139_TGACCA_L003_R1_001.fastq_q5.bam.group	
1	62454795	62455526	1	62455160	62455161	FBMB139_TGACCA_L003_R1_001.fastq_q5.bam.group	
1	220708206	220708321	1	220708263	220708264	FBMB139_TGACCA_L003_R1_001.fastq_q5.bam.group	
2	180779614	182779614	2	181779614	181779615	FBMB139_TGACCA_L003_R1_001.fastq_q5.bam.group	
3	187618418	187619036	3	187618727	187618728	FBMB139_TGACCA_L003_R1_001.fastq_q5.bam.group	
4	185387136	185388501	4	185387818	185387819	FBMB139_TGACCA_L003_R1_001.fastq_q5.bam.group	
6	21974417	21982825	6	21978621	21978622	FBMB139_TGACCA_L003_R1_001.fastq_q5.bam.group	
7	5105008	5105080	7	5105044	5105045	FBMB139_TGACCA_L003_R1_001.fastq_q5.bam.group	
7	165908187	165908239	7	165908213	165908214	FBMB139_TGACCA_L003_R1_001.fastq_q5.bam.group	
8	4453136	4453148	8	4453142	4453143	FBMB139_TGACCA_L003_R1_001.fastq_q5.bam.group	
8	101419103	101435581	8	101427342	101427343	FBMB139_TGACCA_L003_R1_001.fastq_q5.bam.group	
9	149727056	149732289	9	149729672	149729673	FBMB139_TGACCA_L003_R1_001.fastq_q5.bam.group	
10	7140507	7154572	10	7147539	7147540	FBMB139_TGACCA_L003_R1_001.fastq_q5.bam.group	
1	189592000	189614585	1	189603292	189603293	FBMB14_bowtie2_q5.bam.group	
1	195592882	211265586	1	203429234	203429235	FBMB14_bowtie2_q5.bam.group	
2	10213033	10213119	2	10213076	10213077	FBMB14_bowtie2_q5.bam.group	
2	180779614	219800028	2	200289821	200289822	FBMB14_bowtie2_q5.bam.group	
2	225575258	225575460	2	225575359	225575360	FBMB14_bowtie2_q5.bam.group	
3	136959168	136990803	3	136974985	136974986	FBMB14_bowtie2_q5.bam.group	
4	20740290	20741252	4	20740771	20740772	FBMB14_bowtie2_q5.bam.group	
4	197071368	197071477	4	197071422	197071423	FBMB14_bowtie2_q5.bam.group	
5	185699113	185701092	5	185700102	185700103	FBMB14_bowtie2_q5.bam.group	
7	138124912	138187977	7	138156444	138156445	FBMB14_bowtie2_q5.bam.group	
9	146528985	146529016	9	146529000	146529001	FBMB14_bowtie2_q5.bam.group	
9	11732058	11733020	9	11732539	11732540	FBMB14_bowtie2_q5.bam.group	
10	122230786	122231538	10	122231162	122231163	FBMB14_bowtie2_q5.bam.group	
1	7563881	7564582	1	7564231	7564232	FBMB140_ACAGTG_L003_R1_001.fastq_q5.bam.group	
3	192767807	192768922	3	192768364	192768365	FBMB140_ACAGTG_L003_R1_001.fastq_q5.bam.group	
4	14603208	14630989	4	14617098	14617099	FBMB140_ACAGTG_L003_R1_001.fastq_q5.bam.group	
5	53115746	58532195	5	55823970	55823971	FBMB140_ACAGTG_L003_R1_001.fastq_q5.bam.group	
5	181011039	181051978	5	181031508	181031509	FBMB140_ACAGTG_L003_R1_001.fastq_q5.bam.group	
6	129956851	129957284	6	129957067	129957068	FBMB140_ACAGTG_L003_R1_001.fastq_q5.bam.group	
7	157712345	157713146	7	157712745	157712746	FBMB140_ACAGTG_L003_R1_001.fastq_q5.bam.group	
8	5313107	5313328	8	5313217	5313218	FBMB140_ACAGTG_L003_R1_001.fastq_q5.bam.group	
8	168480358	168480541	8	168480449	168480450	FBMB140_ACAGTG_L003_R1_001.fastq_q5.bam.group	
1	295193799	295194109	1	295193954	295193955	FBMB141_GCCAAT_L003_R1_001.fastq_q5.bam.group	
2	204920937	204920969	2	204920953	204920954	FBMB141_GCCAAT_L003_R1_001.fastq_q5.bam.group	
3	51228360	52462798	3	51845579	51845580	FBMB141_GCCAAT_L003_R1_001.fastq_q5.bam.group	
4	5085868	5111440	4	5098654	5098655	FBMB141_GCCAAT_L003_R1_001.fastq_q5.bam.group	
5	74343749	74344451	5	74344100	74344101	FBMB141_GCCAAT_L003_R1_001.fastq_q5.bam.group	
6	152645303	154695098	6	153670200	153670201	FBMB141_GCCAAT_L003_R1_001.fastq_q5.bam.group	
7	128010833	128065351	7	128038092	128038093	FBMB141_GCCAAT_L003_R1_001.fastq_q5.bam.group	
7	170621904	172214735	7	171418319	171418320	FBMB141_GCCAAT_L003_R1_001.fastq_q5.bam.group	
9	72703816	73012309	9	72858062	72858063	FBMB141_GCCAAT_L003_R1_001.fastq_q5.bam.group	
1	185199708	185242775	1	185221241	185221242	FBMB142_CAGATC_L003_R1_001.fastq_q5.bam.group	
1	292560111	292571629	1	292565870	292565871	FBMB142_CAGATC_L003_R1_001.fastq_q5.bam.group	
3	193560948	194963167	3	194262057	194262058	FBMB142_CAGATC_L003_R1_001.fastq_q5.bam.group	
4	20402508	20405547	4	20404027	20404028	FBMB142_CAGATC_L003_R1_001.fastq_q5.bam.group	
4	185724949	185725583	4	185725266	185725267	FBMB142_CAGATC_L003_R1_001.fastq_q5.bam.group	
5	67046677	67047709	5	67047193	67047194	FBMB142_CAGATC_L003_R1_001.fastq_q5.bam.group	
6	152251615	152253254	6	152252434	152252435	FBMB142_CAGATC_L003_R1_001.fastq_q5.bam.group	
9	100876241	100876446	9	100876343	100876344	FBMB142_CAGATC_L003_R1_001.fastq_q5.bam.group	
1	23579284	23579850	1	23579567	23579568	FBMB144_CTTGTA_L003_R1_001.fastq_q5.bam.group	
1	202308997	202324284	1	202316640	202316641	FBMB144_CTTGTA_L003_R1_001.fastq_q5.bam.group	
3	214000000	216000000	3	215000000	215000001	FBMB144_CTTGTA_L003_R1_001.fastq_q5.bam.group	
4	10005594	10009098	4	10007346	10007347	FBMB144_CTTGTA_L003_R1_001.fastq_q5.bam.group	
5	14178574	14179633	5	14179103	14179104	FBMB144_CTTGTA_L003_R1_001.fastq_q5.bam.group	
7	4908491	4918036	7	4913263	4913264	FBMB144_CTTGTA_L003_R1_001.fastq_q5.bam.group	
8	12871050	12871065	8	12871057	12871058	FBMB144_CTTGTA_L003_R1_001.fastq_q5.bam.group	
9	23521803	23522696	9	23522249	23522250	FBMB144_CTTGTA_L003_R1_001.fastq_q5.bam.group	
1	223787200	223789556	1	223788378	223788379	FBMB145_ATCACG_L004_R1_cm.fastq_q5.bam.group	
1	251108380	251108918	1	251108649	251108650	FBMB145_ATCACG_L004_R1_cm.fastq_q5.bam.group	
2	214153058	214205594	2	214179326	214179327	FBMB145_ATCACG_L004_R1_cm.fastq_q5.bam.group	
3	12928691	12929461	3	12929076	12929077	FBMB145_ATCACG_L004_R1_cm.fastq_q5.bam.group	
4	166777230	166870200	4	166823715	166823716	FBMB145_ATCACG_L004_R1_cm.fastq_q5.bam.group	
5	38760840	39797829	5	39279334	39279335	FBMB145_ATCACG_L004_R1_cm.fastq_q5.bam.group	
5	157404589	160501724	5	158953156	158953157	FBMB145_ATCACG_L004_R1_cm.fastq_q5.bam.group	
6	96338706	96342768	6	96340737	96340738	FBMB145_ATCACG_L004_R1_cm.fastq_q5.bam.group	
7	5335517	5342733	7	5339125	5339126	FBMB145_ATCACG_L004_R1_cm.fastq_q5.bam.group	
7	162963064	162963159	7	162963111	162963112	FBMB145_ATCACG_L004_R1_cm.fastq_q5.bam.group	
8	24308526	24336276	8	24322401	24322402	FBMB145_ATCACG_L004_R1_cm.fastq_q5.bam.group	
8	117150936	117151165	8	117151050	117151051	FBMB145_ATCACG_L004_R1_cm.fastq_q5.bam.group	
9	106413649	107151247	9	106782448	106782449	FBMB145_ATCACG_L004_R1_cm.fastq_q5.bam.group	
9	147986197	147987606	9	147986901	147986902	FBMB145_ATCACG_L004_R1_cm.fastq_q5.bam.group	
2	205038653	205174040	2	205106346	205106347	FBMB146_TTAGGC_L004_R1_cm.fastq	
3	17576044	17577405	3	17576724	17576725	FBMB146_TTAGGC_L004_R1_cm.fastq	
3	187012383	187014814	3	187013598	187013599	FBMB146_TTAGGC_L004_R1_cm.fastq	
6	94746504	94759407	6	94752955	94752956	FBMB146_TTAGGC_L004_R1_cm.fastq	
8	19125866	19204064	8	19164965	19164966	FBMB146_TTAGGC_L004_R1_cm.fastq	
9	7308208	7310036	9	7309122	7309123	FBMB146_TTAGGC_L004_R1_cm.fastq	
9	135858401	135860305	9	135859353	135859354	FBMB146_TTAGGC_L004_R1_cm.fastq	
10	5085742	5085804	10	5085773	5085774	FBMB146_TTAGGC_L004_R1_cm.fastq	
2	21871024	21871803	2	21871413	21871414	FBMB147_ACTTGA_L007_R1_cm.fastq_q5.bam.group	
3	12529265	12532911	3	12531088	12531089	FBMB147_ACTTGA_L007_R1_cm.fastq_q5.bam.group	
4	6403695	6403959	4	6403827	6403828	FBMB147_ACTTGA_L007_R1_cm.fastq_q5.bam.group	
4	179664904	179665156	4	179665030	179665031	FBMB147_ACTTGA_L007_R1_cm.fastq_q5.bam.group	
5	151713085	151714247	5	151713666	151713667	FBMB147_ACTTGA_L007_R1_cm.fastq_q5.bam.group	
6	123432675	123433695	6	123433185	123433186	FBMB147_ACTTGA_L007_R1_cm.fastq_q5.bam.group	
7	9199016	9199199	7	9199107	9199108	FBMB147_ACTTGA_L007_R1_cm.fastq_q5.bam.group	
7	111495327	111534583	7	111514955	111514956	FBMB147_ACTTGA_L007_R1_cm.fastq_q5.bam.group	
9	149726264	149726368	9	149726316	149726317	FBMB147_ACTTGA_L007_R1_cm.fastq_q5.bam.group	
9	13755379	13755860	9	13755619	13755620	FBMB147_ACTTGA_L007_R1_cm.fastq_q5.bam.group	
10	4245613	4252392	10	4249002	4249003	FBMB147_ACTTGA_L007_R1_cm.fastq_q5.bam.group	
10	130286206	130286789	10	130286497	130286498	FBMB147_ACTTGA_L007_R1_cm.fastq_q5.bam.group	
1	82385094	82391869	1	82388481	82388482	FBMB148_GATCAG_L004_R1_cm.fastq_q5.bam.group	
1	203551672	279820485	1	241686078	241686079	FBMB148_GATCAG_L004_R1_cm.fastq_q5.bam.group	
1	285080657	285081371	1	285081014	285081015	FBMB148_GATCAG_L004_R1_cm.fastq_q5.bam.group	
2	224241130	224241443	2	224241286	224241287	FBMB148_GATCAG_L004_R1_cm.fastq_q5.bam.group	
3	5845581	5846628	3	5846104	5846105	FBMB148_GATCAG_L004_R1_cm.fastq_q5.bam.group	
4	42890610	42895912	4	42893261	42893262	FBMB148_GATCAG_L004_R1_cm.fastq_q5.bam.group	
6	20613169	20734025	6	20673597	20673598	FBMB148_GATCAG_L004_R1_cm.fastq_q5.bam.group	
7	160446842	160446962	7	160446902	160446903	FBMB148_GATCAG_L004_R1_cm.fastq_q5.bam.group	
8	11864902	11875794	8	11870348	11870349	FBMB148_GATCAG_L004_R1_cm.fastq_q5.bam.group	
9	18331162	18331558	9	18331360	18331361	FBMB148_GATCAG_L004_R1_cm.fastq_q5.bam.group	
10	3184668	3185286	10	3184977	3184978	FBMB148_GATCAG_L004_R1_cm.fastq_q5.bam.group	
7	29562761	29575830	7	29569295	29569296	FBMB149_TAGCTT_L004_R1_cm.fastq_q5.bam.group	
1	52331984	52334281	1	52333132	52333133	FBMB15_bowtie2_q5.bam.group	
1	223785955	223786314	1	223786134	223786135	FBMB15_bowtie2_q5.bam.group	
1	271313123	271334083	1	271323603	271323604	FBMB15_bowtie2_q5.bam.group	
3	8304000	8316916	3	8310458	8310459	FBMB15_bowtie2_q5.bam.group	
4	11644201	11646966	4	11645583	11645584	FBMB15_bowtie2_q5.bam.group	
5	195419973	195433831	5	195426902	195426903	FBMB15_bowtie2_q5.bam.group	
6	111049178	111139909	6	111094543	111094544	FBMB15_bowtie2_q5.bam.group	
7	9328823	9329001	7	9328912	9328913	FBMB15_bowtie2_q5.bam.group	
8	115986462	115993139	8	115989800	115989801	FBMB15_bowtie2_q5.bam.group	
9	20865834	20866121	9	20865977	20865978	FBMB15_bowtie2_q5.bam.group	
1	77134882	77135335	1	77135108	77135109	FBMB150_GGCTAC_L004_R1_cm.fastq_q5.bam.group	
2	62241202	62241431	2	62241316	62241317	FBMB150_GGCTAC_L004_R1_cm.fastq_q5.bam.group	
5	11910405	11910587	5	11910496	11910497	FBMB150_GGCTAC_L004_R1_cm.fastq_q5.bam.group	
7	14332983	14348433	7	14340708	14340709	FBMB150_GGCTAC_L004_R1_cm.fastq_q5.bam.group	
8	10980277	10986006	8	10983141	10983142	FBMB150_GGCTAC_L004_R1_cm.fastq_q5.bam.group	
8	107999981	157222586	8	132611283	132611284	FBMB150_GGCTAC_L004_R1_cm.fastq_q5.bam.group	
9	110072145	110072257	9	110072201	110072202	FBMB150_GGCTAC_L004_R1_cm.fastq_q5.bam.group	
9	1338847	1339314	9	1339080	1339081	FBMB150_GGCTAC_L004_R1_cm.fastq_q5.bam.group	
10	139810102	139828394	10	139819248	139819249	FBMB150_GGCTAC_L004_R1_cm.fastq_q5.bam.group	
1	179924586	179924735	1	179924660	179924661	FBMB151_CGATGT_L004_R1_001.fastq_q5.bam.group	
1	294898683	294899026	1	294898854	294898855	FBMB151_CGATGT_L004_R1_001.fastq_q5.bam.group	
3	199661227	199662964	3	199662095	199662096	FBMB151_CGATGT_L004_R1_001.fastq_q5.bam.group	
6	124802834	124803333	6	124803083	124803084	FBMB151_CGATGT_L004_R1_001.fastq_q5.bam.group	
7	2319790	2319811	7	2319800	2319801	FBMB151_CGATGT_L004_R1_001.fastq_q5.bam.group	
7	106785952	106786272	7	106786112	106786113	FBMB151_CGATGT_L004_R1_001.fastq_q5.bam.group	
8	4453136	4453645	8	4453390	4453391	FBMB151_CGATGT_L004_R1_001.fastq_q5.bam.group	
10	2783075	2783119	10	2783097	2783098	FBMB151_CGATGT_L004_R1_001.fastq_q5.bam.group	
10	141497542	141497627	10	141497584	141497585	FBMB151_CGATGT_L004_R1_001.fastq_q5.bam.group	
1	9199787	9242574	1	9221180	9221181	FBMB152_TGACCA_L004_R1_001.fastq_q5.bam.group	
1	55209240	58430292	1	56819766	56819767	FBMB152_TGACCA_L004_R1_001.fastq_q5.bam.group	
1	88849928	88854668	1	88852298	88852299	FBMB152_TGACCA_L004_R1_001.fastq_q5.bam.group	
1	256937779	256937966	1	256937872	256937873	FBMB152_TGACCA_L004_R1_001.fastq_q5.bam.group	
2	169385061	169386325	2	169385693	169385694	FBMB152_TGACCA_L004_R1_001.fastq_q5.bam.group	
3	147404171	147404810	3	147404490	147404491	FBMB152_TGACCA_L004_R1_001.fastq_q5.bam.group	
4	161767325	166733521	4	164250423	164250424	FBMB152_TGACCA_L004_R1_001.fastq_q5.bam.group	
5	4296787	4296900	5	4296843	4296844	FBMB152_TGACCA_L004_R1_001.fastq_q5.bam.group	
6	163819694	163819890	6	163819792	163819793	FBMB152_TGACCA_L004_R1_001.fastq_q5.bam.group	
7	123696669	123697139	7	123696904	123696905	FBMB152_TGACCA_L004_R1_001.fastq_q5.bam.group	
8	172097091	172204850	8	172150970	172150971	FBMB152_TGACCA_L004_R1_001.fastq_q5.bam.group	
10	139796717	139811215	10	139803966	139803967	FBMB152_TGACCA_L004_R1_001.fastq_q5.bam.group	
2	219726906	219730267	2	219728586	219728587	FBMB153_ACAGTG_L004_R1_001.fastq_q5.bam.group	
4	173941307	173985644	4	173963475	173963476	FBMB153_ACAGTG_L004_R1_001.fastq_q5.bam.group	
6	93496299	93496679	6	93496489	93496490	FBMB153_ACAGTG_L004_R1_001.fastq_q5.bam.group	
7	99172695	99172905	7	99172800	99172801	FBMB153_ACAGTG_L004_R1_001.fastq_q5.bam.group	
7	167100155	167103687	7	167101921	167101922	FBMB153_ACAGTG_L004_R1_001.fastq_q5.bam.group	
8	4453148	4453528	8	4453338	4453339	FBMB153_ACAGTG_L004_R1_001.fastq_q5.bam.group	
8	105317180	105317551	8	105317365	105317366	FBMB153_ACAGTG_L004_R1_001.fastq_q5.bam.group	
10	146188560	146189269	10	146188914	146188915	FBMB153_ACAGTG_L004_R1_001.fastq_q5.bam.group	
1	281062312	281062466	1	281062389	281062390	FBMB154_GCCAAT_L004_R1_001.fastq_q5.bam.group	
2	208078089	208078998	2	208078543	208078544	FBMB154_GCCAAT_L004_R1_001.fastq_q5.bam.group	
3	4723890	4725534	3	4724712	4724713	FBMB154_GCCAAT_L004_R1_001.fastq_q5.bam.group	
8	96252837	96265426	8	96259131	96259132	FBMB154_GCCAAT_L004_R1_001.fastq_q5.bam.group	
9	13362497	13363924	9	13363210	13363211	FBMB154_GCCAAT_L004_R1_001.fastq_q5.bam.group	
10	145949315	145950323	10	145949819	145949820	FBMB154_GCCAAT_L004_R1_001.fastq_q5.bam.group	
1	25375495	25375679	1	25375587	25375588	FBMB155_CAGATC_L004_R1_001.fastq_q5.bam.group	
2	60871369	60873020	2	60872194	60872195	FBMB155_CAGATC_L004_R1_001.fastq_q5.bam.group	
3	9436000	9450165	3	9443082	9443083	FBMB155_CAGATC_L004_R1_001.fastq_q5.bam.group	
3	173515899	173516230	3	173516064	173516065	FBMB155_CAGATC_L004_R1_001.fastq_q5.bam.group	
4	13145551	13156310	4	13150930	13150931	FBMB155_CAGATC_L004_R1_001.fastq_q5.bam.group	
5	168863785	168867551	5	168865668	168865669	FBMB155_CAGATC_L004_R1_001.fastq_q5.bam.group	
5	184184580	184313852	5	184249216	184249217	FBMB155_CAGATC_L004_R1_001.fastq_q5.bam.group	
6	147137647	149201028	6	148169337	148169338	FBMB155_CAGATC_L004_R1_001.fastq_q5.bam.group	
8	111826548	111827083	8	111826815	111826816	FBMB155_CAGATC_L004_R1_001.fastq_q5.bam.group	
1	2239328	6038070	1	4138699	4138700	FBMB156_CTTGTA_L004_R1_001.fastq_q5.bam.group	
1	88478570	88481626	1	88480098	88480099	FBMB156_CTTGTA_L004_R1_001.fastq_q5.bam.group	
1	182648944	182654684	1	182651814	182651815	FBMB156_CTTGTA_L004_R1_001.fastq_q5.bam.group	
1	278604708	278605209	1	278604958	278604959	FBMB156_CTTGTA_L004_R1_001.fastq_q5.bam.group	
2	3104810	3105522	2	3105166	3105167	FBMB156_CTTGTA_L004_R1_001.fastq_q5.bam.group	
2	205234510	205247645	2	205241077	205241078	FBMB156_CTTGTA_L004_R1_001.fastq_q5.bam.group	
3	171754138	171754279	3	171754208	171754209	FBMB156_CTTGTA_L004_R1_001.fastq_q5.bam.group	
3	209115302	209116759	3	209116030	209116031	FBMB156_CTTGTA_L004_R1_001.fastq_q5.bam.group	
4	11718722	11759567	4	11739144	11739145	FBMB156_CTTGTA_L004_R1_001.fastq_q5.bam.group	
6	152645303	154669185	6	153657244	153657245	FBMB156_CTTGTA_L004_R1_001.fastq_q5.bam.group	
7	141827396	141827455	7	141827425	141827426	FBMB156_CTTGTA_L004_R1_001.fastq_q5.bam.group	
10	10287864	10287912	10	10287888	10287889	FBMB156_CTTGTA_L004_R1_001.fastq_q5.bam.group	
1	59669772	59672387	1	59671079	59671080	FBMB16_bowtie2_q5.bam.group	
6	95327087	95347237	6	95337162	95337163	FBMB16_bowtie2_q5.bam.group	
6	154728481	156458362	6	155593421	155593422	FBMB16_bowtie2_q5.bam.group	
9	11558577	11560003	9	11559290	11559291	FBMB16_bowtie2_q5.bam.group	
1	63214128	63214893	1	63214510	63214511	FBMB17_bowtie2_q5.bam.group	
2	41958339	41960849	2	41959594	41959595	FBMB17_bowtie2_q5.bam.group	
2	179462453	179698818	2	179580635	179580636	FBMB17_bowtie2_q5.bam.group	
3	37238489	37244620	3	37241554	37241555	FBMB17_bowtie2_q5.bam.group	
3	187009011	187014814	3	187011912	187011913	FBMB17_bowtie2_q5.bam.group	
4	188328209	188364311	4	188346260	188346261	FBMB17_bowtie2_q5.bam.group	
5	195419973	195433831	5	195426902	195426903	FBMB17_bowtie2_q5.bam.group	
7	14033631	14045543	7	14039587	14039588	FBMB17_bowtie2_q5.bam.group	
8	23499457	23506196	8	23502826	23502827	FBMB17_bowtie2_q5.bam.group	
9	149532838	149533224	9	149533031	149533032	FBMB17_bowtie2_q5.bam.group	
10	10613608	10616216	10	10614912	10614913	FBMB17_bowtie2_q5.bam.group	
1	17697804	17700861	1	17699332	17699333	FBMB18_bowtie2_q5.bam.group	
1	196056525	196071252	1	196063888	196063889	FBMB18_bowtie2_q5.bam.group	
1	274425474	274458837	1	274442155	274442156	FBMB18_bowtie2_q5.bam.group	
3	8304000	8326038	3	8315019	8315020	FBMB18_bowtie2_q5.bam.group	
3	172380977	172382705	3	172381841	172381842	FBMB18_bowtie2_q5.bam.group	
3	211622482	211684124	3	211653303	211653304	FBMB18_bowtie2_q5.bam.group	
4	11090582	11149442	4	11120012	11120013	FBMB18_bowtie2_q5.bam.group	
4	185697501	185712033	4	185704767	185704768	FBMB18_bowtie2_q5.bam.group	
7	165436650	165453419	7	165445034	165445035	FBMB18_bowtie2_q5.bam.group	
9	147547566	147632404	9	147589985	147589986	FBMB18_bowtie2_q5.bam.group	
10	98490021	98494912	10	98492466	98492467	FBMB18_bowtie2_q5.bam.group	
10	136879587	136879917	10	136879752	136879753	FBMB18_bowtie2_q5.bam.group	
1	9956952	9957099	1	9957025	9957026	FBMB19_bowtie2_q5.bam.group	
1	279566151	279566361	1	279566256	279566257	FBMB19_bowtie2_q5.bam.group	
3	4554423	4556516	3	4555469	4555470	FBMB19_bowtie2_q5.bam.group	
3	212616326	228946158	3	220781242	220781243	FBMB19_bowtie2_q5.bam.group	
4	18527730	18565367	4	18546548	18546549	FBMB19_bowtie2_q5.bam.group	
4	181880617	181881167	4	181880892	181880893	FBMB19_bowtie2_q5.bam.group	
5	31389415	96996958	5	64193186	64193187	FBMB19_bowtie2_q5.bam.group	
8	110183234	110183398	8	110183316	110183317	FBMB19_bowtie2_q5.bam.group	
10	120653082	120668322	10	120660702	120660703	FBMB19_bowtie2_q5.bam.group	
1	25376365	25376737	1	25376551	25376552	FBMB20_bowtie2_q5.bam.group	
1	198396612	198396708	1	198396660	198396661	FBMB20_bowtie2_q5.bam.group	
3	12526331	12527710	3	12527020	12527021	FBMB20_bowtie2_q5.bam.group	
3	206689811	207149619	3	206919715	206919716	FBMB20_bowtie2_q5.bam.group	
4	181961327	181961528	4	181961427	181961428	FBMB20_bowtie2_q5.bam.group	
5	195440561	195440828	5	195440694	195440695	FBMB20_bowtie2_q5.bam.group	
6	159497075	163293304	6	161395189	161395190	FBMB20_bowtie2_q5.bam.group	
9	143953979	144049630	9	144001804	144001805	FBMB20_bowtie2_q5.bam.group	
1	35211084	35211385	1	35211234	35211235	FBMB21_bowtie2_q5.bam.group	
1	295004401	295006483	1	295005442	295005443	FBMB21_bowtie2_q5.bam.group	
3	10394019	10409294	3	10401656	10401657	FBMB21_bowtie2_q5.bam.group	
3	199246985	199248941	3	199247963	199247964	FBMB21_bowtie2_q5.bam.group	
4	191959009	191960540	4	191959774	191959775	FBMB21_bowtie2_q5.bam.group	
4	228810461	228810543	4	228810502	228810503	FBMB21_bowtie2_q5.bam.group	
5	31948697	32271665	5	32110181	32110182	FBMB21_bowtie2_q5.bam.group	
7	143410578	143414291	7	143412434	143412435	FBMB21_bowtie2_q5.bam.group	
7	162685545	162699241	7	162692393	162692394	FBMB21_bowtie2_q5.bam.group	
8	144827640	157222586	8	151025113	151025114	FBMB21_bowtie2_q5.bam.group	
9	138665453	138689528	9	138677490	138677491	FBMB21_bowtie2_q5.bam.group	
10	77190713	77190773	10	77190743	77190744	FBMB21_bowtie2_q5.bam.group	
1	262565512	262565726	1	262565619	262565620	FBMB22_bowtie2_q5.bam.group	
2	15343099	15343738	2	15343418	15343419	FBMB22_bowtie2_q5.bam.group	
3	229987257	230413327	3	230200292	230200293	FBMB22_bowtie2_q5.bam.group	
4	9672083	9680555	4	9676319	9676320	FBMB22_bowtie2_q5.bam.group	
6	97514428	97514486	6	97514457	97514458	FBMB22_bowtie2_q5.bam.group	
7	164831528	164832749	7	164832138	164832139	FBMB22_bowtie2_q5.bam.group	
8	108496548	108497940	8	108497244	108497245	FBMB22_bowtie2_q5.bam.group	
9	20666041	20666367	9	20666204	20666205	FBMB22_bowtie2_q5.bam.group	
10	99642806	102020783	10	100831794	100831795	FBMB22_bowtie2_q5.bam.group	
2	230559716	230561216	2	230560466	230560467	FBMB23_bowtie2_q5.bam.group	
3	12533457	12554753	3	12544105	12544106	FBMB23_bowtie2_q5.bam.group	
4	235724616	235724739	4	235724677	235724678	FBMB23_bowtie2_q5.bam.group	
5	12894089	12896752	5	12895420	12895421	FBMB23_bowtie2_q5.bam.group	
5	169873298	169874485	5	169873891	169873892	FBMB23_bowtie2_q5.bam.group	
6	112214409	112283188	6	112248798	112248799	FBMB23_bowtie2_q5.bam.group	
10	97796854	97797153	10	97797003	97797004	FBMB23_bowtie2_q5.bam.group	
1	187592989	211265586	1	199429287	199429288	FBMB24_bowtie2_q5.bam.group	
2	41491272	41504346	2	41497809	41497810	FBMB24_bowtie2_q5.bam.group	
3	9326682	9334110	3	9330396	9330397	FBMB24_bowtie2_q5.bam.group	
4	26377566	26377787	4	26377676	26377677	FBMB24_bowtie2_q5.bam.group	
5	7858759	7859328	5	7859043	7859044	FBMB24_bowtie2_q5.bam.group	
6	110828198	111139909	6	110984053	110984054	FBMB24_bowtie2_q5.bam.group	
7	5334176	5335166	7	5334671	5334672	FBMB24_bowtie2_q5.bam.group	
9	7103831	7105365	9	7104598	7104599	FBMB24_bowtie2_q5.bam.group	
1	276820694	276821300	1	276820997	276820998	FBMB25_bowtie2_q5.bam.group	
2	213815822	213840225	2	213828023	213828024	FBMB25_bowtie2_q5.bam.group	
3	178607939	178607979	3	178607959	178607960	FBMB25_bowtie2_q5.bam.group	
5	202290404	202290610	5	202290507	202290508	FBMB25_bowtie2_q5.bam.group	
9	116888106	117056081	9	116972093	116972094	FBMB25_bowtie2_q5.bam.group	
10	132792918	132795032	10	132793975	132793976	FBMB25_bowtie2_q5.bam.group	
1	74704458	74710591	1	74707524	74707525	FBMB26_bowtie2_q5.bam.group	
1	242900077	242918034	1	242909055	242909056	FBMB26_bowtie2_q5.bam.group	
2	9129227	9129272	2	9129249	9129250	FBMB26_bowtie2_q5.bam.group	
2	203232361	203248771	2	203240566	203240567	FBMB26_bowtie2_q5.bam.group	
3	172051272	172127937	3	172089604	172089605	FBMB26_bowtie2_q5.bam.group	
4	17367300	17367351	4	17367325	17367326	FBMB26_bowtie2_q5.bam.group	
4	161417113	166733521	4	164075317	164075318	FBMB26_bowtie2_q5.bam.group	
5	6570480	6570578	5	6570529	6570530	FBMB26_bowtie2_q5.bam.group	
6	69067293	69088625	6	69077959	69077960	FBMB26_bowtie2_q5.bam.group	
7	5614323	5638423	7	5626373	5626374	FBMB26_bowtie2_q5.bam.group	
7	157874190	157874991	7	157874590	157874591	FBMB26_bowtie2_q5.bam.group	
8	125241249	125268002	8	125254625	125254626	FBMB26_bowtie2_q5.bam.group	
8	167778668	167779693	8	167779180	167779181	FBMB26_bowtie2_q5.bam.group	
9	10317655	10321275	9	10319465	10319466	FBMB26_bowtie2_q5.bam.group	
10	4751776	4752449	10	4752112	4752113	FBMB26_bowtie2_q5.bam.group	
10	142597532	142600346	10	142598939	142598940	FBMB26_bowtie2_q5.bam.group	
1	87282166	87282423	1	87282294	87282295	FBMB27_bowtie2_q5.bam.group	
1	203551672	225023874	1	214287773	214287774	FBMB27_bowtie2_q5.bam.group	
1	291926320	291926736	1	291926528	291926529	FBMB27_bowtie2_q5.bam.group	
2	16738837	16770788	2	16754812	16754813	FBMB27_bowtie2_q5.bam.group	
3	212548506	212548614	3	212548560	212548561	FBMB27_bowtie2_q5.bam.group	
4	23548175	23548774	4	23548474	23548475	FBMB27_bowtie2_q5.bam.group	
5	5916126	5916328	5	5916227	5916228	FBMB27_bowtie2_q5.bam.group	
6	98023820	98025375	6	98024597	98024598	FBMB27_bowtie2_q5.bam.group	
7	7918998	7952598	7	7935798	7935799	FBMB27_bowtie2_q5.bam.group	
7	141838785	141838839	7	141838812	141838813	FBMB27_bowtie2_q5.bam.group	
10	141126475	141148251	10	141137363	141137364	FBMB27_bowtie2_q5.bam.group	
1	25372238	25374890	1	25373564	25373565	FBMB28_bowtie2_q5.bam.group	
1	276682500	276682954	1	276682727	276682728	FBMB28_bowtie2_q5.bam.group	
3	21563239	21563751	3	21563495	21563496	FBMB28_bowtie2_q5.bam.group	
4	169899945	172597389	4	171248667	171248668	FBMB28_bowtie2_q5.bam.group	
6	95327087	95347237	6	95337162	95337163	FBMB28_bowtie2_q5.bam.group	
6	159497075	163293304	6	161395189	161395190	FBMB28_bowtie2_q5.bam.group	
8	5190093	5225367	8	5207730	5207731	FBMB28_bowtie2_q5.bam.group	
9	11221887	11222231	9	11222059	11222060	FBMB28_bowtie2_q5.bam.group	
9	145066699	145067149	9	145066924	145066925	FBMB28_bowtie2_q5.bam.group	
10	16519906	16520092	10	16519999	16520000	FBMB28_bowtie2_q5.bam.group	
1	22786445	23162201	1	22974323	22974324	FBMB29_bowtie2_q5.bam.group	
2	178095152	178095708	2	178095430	178095431	FBMB29_bowtie2_q5.bam.group	
3	3553291	3554088	3	3553689	3553690	FBMB29_bowtie2_q5.bam.group	
3	48804685	48809878	3	48807281	48807282	FBMB29_bowtie2_q5.bam.group	
3	181073495	181074067	3	181073781	181073782	FBMB29_bowtie2_q5.bam.group	
5	186878109	186923050	5	186900579	186900580	FBMB29_bowtie2_q5.bam.group	
6	69042043	69067293	6	69054668	69054669	FBMB29_bowtie2_q5.bam.group	
6	74185110	95600317	6	84892713	84892714	FBMB29_bowtie2_q5.bam.group	
7	120795231	120797821	7	120796526	120796527	FBMB29_bowtie2_q5.bam.group	
7	165742614	165743185	7	165742899	165742900	FBMB29_bowtie2_q5.bam.group	
8	166915876	166916968	8	166916422	166916423	FBMB29_bowtie2_q5.bam.group	
9	2931657	6000645	9	4466151	4466152	FBMB29_bowtie2_q5.bam.group	
2	27549389	27848330	2	27698859	27698860	FBMB30_bowtie2_q5.bam.group	
5	6673779	6674888	5	6674333	6674334	FBMB30_bowtie2_q5.bam.group	
5	203711697	203715831	5	203713764	203713765	FBMB30_bowtie2_q5.bam.group	
7	8266299	8267897	7	8267098	8267099	FBMB30_bowtie2_q5.bam.group	
8	13369033	13369658	8	13369345	13369346	FBMB30_bowtie2_q5.bam.group	
9	139932975	139941873	9	139937424	139937425	FBMB30_bowtie2_q5.bam.group	
10	143933924	143934106	10	143934015	143934016	FBMB30_bowtie2_q5.bam.group	
1	43491418	43493221	1	43492319	43492320	FBMB31_bowtie2_q5.bam.group	
4	11774558	11829437	4	11801997	11801998	FBMB31_bowtie2_q5.bam.group	
4	189904461	189904490	4	189904475	189904476	FBMB31_bowtie2_q5.bam.group	
5	189889758	189890023	5	189889890	189889891	FBMB31_bowtie2_q5.bam.group	
6	159497075	163293304	6	161395189	161395190	FBMB31_bowtie2_q5.bam.group	
7	5521159	5521175	7	5521167	5521168	FBMB31_bowtie2_q5.bam.group	
9	2386073	2522487	9	2454280	2454281	FBMB31_bowtie2_q5.bam.group	
10	5994510	6005355	10	5999932	5999933	FBMB31_bowtie2_q5.bam.group	
10	143936941	143937033	10	143936987	143936988	FBMB31_bowtie2_q5.bam.group	
1	59909518	59930334	1	59919926	59919927	FBMB32_bowtie2_q5.bam.group	
1	229858112	230889733	1	230373922	230373923	FBMB32_bowtie2_q5.bam.group	
2	219878811	220064766	2	219971788	219971789	FBMB32_bowtie2_q5.bam.group	
4	11567642	11573049	4	11570345	11570346	FBMB32_bowtie2_q5.bam.group	
8	13895712	13909458	8	13902585	13902586	FBMB32_bowtie2_q5.bam.group	
8	166745453	166746044	8	166745748	166745749	FBMB32_bowtie2_q5.bam.group	
9	8457735	8458692	9	8458213	8458214	FBMB32_bowtie2_q5.bam.group	
1	49772632	49772982	1	49772807	49772808	FBMB33_bowtie2_q5.bam.group	
1	233397972	233398316	1	233398144	233398145	FBMB33_bowtie2_q5.bam.group	
1	290109797	290109894	1	290109845	290109846	FBMB33_bowtie2_q5.bam.group	
3	7981827	7982043	3	7981935	7981936	FBMB33_bowtie2_q5.bam.group	
3	179470463	179495952	3	179483207	179483208	FBMB33_bowtie2_q5.bam.group	
5	5436411	5486554	5	5461482	5461483	FBMB33_bowtie2_q5.bam.group	
5	186878109	186923050	5	186900579	186900580	FBMB33_bowtie2_q5.bam.group	
7	5039156	5041275	7	5040215	5040216	FBMB33_bowtie2_q5.bam.group	
8	101735394	101752201	8	101743797	101743798	FBMB33_bowtie2_q5.bam.group	
9	13948332	13948963	9	13948647	13948648	FBMB33_bowtie2_q5.bam.group	
1	2239328	6038070	1	4138699	4138700	FBMB34_bowtie2_q5.bam.group	
1	87767369	87768696	1	87768032	87768033	FBMB34_bowtie2_q5.bam.group	
1	92966524	211265586	1	152116055	152116056	FBMB34_bowtie2_q5.bam.group	
3	181748581	181749267	3	181748924	181748925	FBMB34_bowtie2_q5.bam.group	
4	57571201	57571758	4	57571479	57571480	FBMB34_bowtie2_q5.bam.group	
7	9327647	9327774	7	9327710	9327711	FBMB34_bowtie2_q5.bam.group	
7	129951539	129959797	7	129955668	129955669	FBMB34_bowtie2_q5.bam.group	
9	10121608	10122509	9	10122058	10122059	FBMB34_bowtie2_q5.bam.group	
2	206054153	206059794	2	206056973	206056974	FBMB35_bowtie2_q5.bam.group	
3	22678359	22679947	3	22679153	22679154	FBMB35_bowtie2_q5.bam.group	
3	187810080	187810546	3	187810313	187810314	FBMB35_bowtie2_q5.bam.group	
6	103638195	103644347	6	103641271	103641272	FBMB35_bowtie2_q5.bam.group	
6	163327377	163329200	6	163328288	163328289	FBMB35_bowtie2_q5.bam.group	
7	162337555	162339569	7	162338562	162338563	FBMB35_bowtie2_q5.bam.group	
10	139747730	139796539	10	139772134	139772135	FBMB35_bowtie2_q5.bam.group	
1	242900077	242918034	1	242909055	242909056	FBMB36_bowtie2_q5.bam.group	
2	222275449	222275681	2	222275565	222275566	FBMB36_bowtie2_q5.bam.group	
5	7250099	7255592	5	7252845	7252846	FBMB36_bowtie2_q5.bam.group	
6	55100911	55115132	6	55108021	55108022	FBMB36_bowtie2_q5.bam.group	
8	12849552	12849823	8	12849687	12849688	FBMB36_bowtie2_q5.bam.group	
8	169064665	169064776	8	169064720	169064721	FBMB36_bowtie2_q5.bam.group	
9	18523704	18613216	9	18568460	18568461	FBMB36_bowtie2_q5.bam.group	
2	15337457	15341661	2	15339559	15339560	FBMB37_bowtie2_q5.bam.group	
3	3406828	3422252	3	3414540	3414541	FBMB37_bowtie2_q5.bam.group	
3	159758620	160077253	3	159917936	159917937	FBMB37_bowtie2_q5.bam.group	
4	11915517	11917250	4	11916383	11916384	FBMB37_bowtie2_q5.bam.group	
1	298323951	298325103	1	298324527	298324528	FBMB38_bowtie2_q5.bam.group	
3	115687653	115691666	3	115689659	115689660	FBMB38_bowtie2_q5.bam.group	
3	210536459	210555357	3	210545908	210545909	FBMB38_bowtie2_q5.bam.group	
4	6384738	6385237	4	6384987	6384988	FBMB38_bowtie2_q5.bam.group	
4	234360020	234378397	4	234369208	234369209	FBMB38_bowtie2_q5.bam.group	
5	13391955	13393241	5	13392598	13392599	FBMB38_bowtie2_q5.bam.group	
5	175607715	175608807	5	175608261	175608262	FBMB38_bowtie2_q5.bam.group	
7	5325268	5326098	7	5325683	5325684	FBMB38_bowtie2_q5.bam.group	
7	172471653	172870005	7	172670829	172670830	FBMB38_bowtie2_q5.bam.group	
8	11834856	11864902	8	11849879	11849880	FBMB38_bowtie2_q5.bam.group	
10	139813237	139828394	10	139820815	139820816	FBMB38_bowtie2_q5.bam.group	
1	222128929	222205845	1	222167387	222167388	FBMB39_bowtie2_q5.bam.group	
1	295347740	295347975	1	295347857	295347858	FBMB39_bowtie2_q5.bam.group	
3	168493289	168493728	3	168493508	168493509	FBMB39_bowtie2_q5.bam.group	
4	9632207	9632394	4	9632300	9632301	FBMB39_bowtie2_q5.bam.group	
5	169457405	169458273	5	169457839	169457840	FBMB39_bowtie2_q5.bam.group	
7	9155101	9191222	7	9173161	9173162	FBMB39_bowtie2_q5.bam.group	
7	160558293	160558367	7	160558330	160558331	FBMB39_bowtie2_q5.bam.group	
8	7416779	7422570	8	7419674	7419675	FBMB39_bowtie2_q5.bam.group	
10	4749761	4751218	10	4750489	4750490	FBMB39_bowtie2_q5.bam.group	
1	12855101	12862787	1	12858944	12858945	FBMB40_bowtie2_q5.bam.group	
1	242900077	242918034	1	242909055	242909056	FBMB40_bowtie2_q5.bam.group	
2	14332552	14334618	2	14333585	14333586	FBMB40_bowtie2_q5.bam.group	
2	233019189	233114588	2	233066888	233066889	FBMB40_bowtie2_q5.bam.group	
3	8210198	8211378	3	8210788	8210789	FBMB40_bowtie2_q5.bam.group	
4	156629602	156635000	4	156632301	156632302	FBMB40_bowtie2_q5.bam.group	
5	6682960	6683110	5	6683035	6683036	FBMB40_bowtie2_q5.bam.group	
5	195435863	195436146	5	195436004	195436005	FBMB40_bowtie2_q5.bam.group	
6	158482848	158486653	6	158484750	158484751	FBMB40_bowtie2_q5.bam.group	
8	103332277	103336542	8	103334409	103334410	FBMB40_bowtie2_q5.bam.group	
9	146264068	146266172	9	146265120	146265121	FBMB40_bowtie2_q5.bam.group	
9	13464058	13476337	9	13470197	13470198	FBMB40_bowtie2_q5.bam.group	
10	4246000	4252392	10	4249196	4249197	FBMB40_bowtie2_q5.bam.group	
10	139813237	139828394	10	139820815	139820816	FBMB40_bowtie2_q5.bam.group	
1	9673321	9693949	1	9683635	9683636	FBMB41_bowtie2_q5.bam.group	
1	218552609	218563215	1	218557912	218557913	FBMB41_bowtie2_q5.bam.group	
3	159763750	160077253	3	159920501	159920502	FBMB41_bowtie2_q5.bam.group	
4	14673904	14707655	4	14690779	14690780	FBMB41_bowtie2_q5.bam.group	
8	131527023	131530344	8	131528683	131528684	FBMB41_bowtie2_q5.bam.group	
8	169643805	169643914	8	169643859	169643860	FBMB41_bowtie2_q5.bam.group	
1	43491418	43493221	1	43492319	43492320	FBMB42_bowtie2_q5.bam.group	
5	140986422	140995926	5	140991174	140991175	FBMB42_bowtie2_q5.bam.group	
5	195419973	195433831	5	195426902	195426903	FBMB42_bowtie2_q5.bam.group	
6	150074175	151583327	6	150828751	150828752	FBMB42_bowtie2_q5.bam.group	
9	125564660	125565904	9	125565282	125565283	FBMB42_bowtie2_q5.bam.group	
10	89419103	89419238	10	89419170	89419171	FBMB42_bowtie2_q5.bam.group	
3	38108191	38113391	3	38110791	38110792	FBMB43_bowtie2_q5.bam.group	
3	159374166	159382423	3	159378294	159378295	FBMB43_bowtie2_q5.bam.group	
4	177349254	177349979	4	177349616	177349617	FBMB43_bowtie2_q5.bam.group	
4	234349494	234350424	4	234349959	234349960	FBMB43_bowtie2_q5.bam.group	
7	6299400	6305323	7	6302361	6302362	FBMB43_bowtie2_q5.bam.group	
7	165796758	165798636	7	165797697	165797698	FBMB43_bowtie2_q5.bam.group	
8	166850931	166894193	8	166872562	166872563	FBMB43_bowtie2_q5.bam.group	
9	142466680	142466770	9	142466725	142466726	FBMB43_bowtie2_q5.bam.group	
10	127269094	127279929	10	127274511	127274512	FBMB43_bowtie2_q5.bam.group	
1	17679528	17681357	1	17680442	17680443	FBMB44_bowtie2_q5.bam.group	
3	181067225	181067272	3	181067248	181067249	FBMB44_bowtie2_q5.bam.group	
3	210996115	211343438	3	211169776	211169777	FBMB44_bowtie2_q5.bam.group	
4	172777172	172781134	4	172779153	172779154	FBMB44_bowtie2_q5.bam.group	
5	7772857	7772965	5	7772911	7772912	FBMB44_bowtie2_q5.bam.group	
7	127718885	127719752	7	127719318	127719319	FBMB44_bowtie2_q5.bam.group	
10	24653648	24653740	10	24653694	24653695	FBMB44_bowtie2_q5.bam.group	
1	23580086	23585878	1	23582982	23582983	FBMB45_bowtie2_q5.bam.group	
1	103418790	103419223	1	103419006	103419007	FBMB45_bowtie2_q5.bam.group	
1	246668100	246668315	1	246668207	246668208	FBMB45_bowtie2_q5.bam.group	
3	48806503	48809878	3	48808190	48808191	FBMB45_bowtie2_q5.bam.group	
4	157617482	157627062	4	157622272	157622273	FBMB45_bowtie2_q5.bam.group	
5	38759960	38760082	5	38760021	38760022	FBMB45_bowtie2_q5.bam.group	
6	95327087	95347237	6	95337162	95337163	FBMB45_bowtie2_q5.bam.group	
7	7259159	7266448	7	7262803	7262804	FBMB45_bowtie2_q5.bam.group	
7	171136583	172214735	7	171675659	171675660	FBMB45_bowtie2_q5.bam.group	
9	151286431	151286508	9	151286469	151286470	FBMB45_bowtie2_q5.bam.group	
10	4671819	4673959	10	4672889	4672890	FBMB45_bowtie2_q5.bam.group	
10	142775095	142775836	10	142775465	142775466	FBMB45_bowtie2_q5.bam.group	
2	205037934	205073692	2	205055813	205055814	FBMB46_bowtie2_q5.bam.group	
3	41745385	41747763	3	41746574	41746575	FBMB46_bowtie2_q5.bam.group	
7	153825401	153825549	7	153825475	153825476	FBMB46_bowtie2_q5.bam.group	
8	15632095	15637312	8	15634703	15634704	FBMB46_bowtie2_q5.bam.group	
1	242900077	242918034	1	242909055	242909056	FBMB47_bowtie2_q5.bam.group	
3	12529265	12554753	3	12542009	12542010	FBMB47_bowtie2_q5.bam.group	
5	11890043	11894680	5	11892361	11892362	FBMB47_bowtie2_q5.bam.group	
6	125457811	125459595	6	125458703	125458704	FBMB47_bowtie2_q5.bam.group	
6	152251615	152253254	6	152252434	152252435	FBMB47_bowtie2_q5.bam.group	
7	22528447	22529011	7	22528729	22528730	FBMB47_bowtie2_q5.bam.group	
8	118492338	118597117	8	118544727	118544728	FBMB47_bowtie2_q5.bam.group	
8	161396954	161397044	8	161396999	161397000	FBMB47_bowtie2_q5.bam.group	
10	136602174	136614678	10	136608426	136608427	FBMB47_bowtie2_q5.bam.group	
1	26568597	26571303	1	26569950	26569951	FBMB48_bowtie2_q5.bam.group	
1	269043428	269046366	1	269044897	269044898	FBMB48_bowtie2_q5.bam.group	
2	175681486	175681926	2	175681706	175681707	FBMB48_bowtie2_q5.bam.group	
2	232479160	232480304	2	232479732	232479733	FBMB48_bowtie2_q5.bam.group	
3	170901044	170901754	3	170901399	170901400	FBMB48_bowtie2_q5.bam.group	
4	14238582	14386105	4	14312343	14312344	FBMB48_bowtie2_q5.bam.group	
4	143380505	143380935	4	143380720	143380721	FBMB48_bowtie2_q5.bam.group	
6	117443908	122075372	6	119759640	119759641	FBMB48_bowtie2_q5.bam.group	
9	151369397	151914518	9	151641957	151641958	FBMB48_bowtie2_q5.bam.group	
9	8434254	8435708	9	8434981	8434982	FBMB48_bowtie2_q5.bam.group	
1	12294031	12355605	1	12324818	12324819	FBMB49_bowtie2_q5.bam.group	
2	205038653	205234510	2	205136581	205136582	FBMB49_bowtie2_q5.bam.group	
3	205393962	205394627	3	205394294	205394295	FBMB49_bowtie2_q5.bam.group	
4	6766820	6846555	4	6806687	6806688	FBMB49_bowtie2_q5.bam.group	
5	11486680	11486821	5	11486750	11486751	FBMB49_bowtie2_q5.bam.group	
5	195436263	195436694	5	195436478	195436479	FBMB49_bowtie2_q5.bam.group	
7	5327880	5328648	7	5328264	5328265	FBMB49_bowtie2_q5.bam.group	
7	171136583	172214735	7	171675659	171675660	FBMB49_bowtie2_q5.bam.group	
9	20276800	20330353	9	20303576	20303577	FBMB49_bowtie2_q5.bam.group	
1	7494037	7494970	1	7494503	7494504	FBMB50_bowtie2_q5.bam.group	
1	75170210	75173438	1	75171824	75171825	FBMB50_bowtie2_q5.bam.group	
3	181558050	181560766	3	181559408	181559409	FBMB50_bowtie2_q5.bam.group	
7	165946925	165974047	7	165960486	165960487	FBMB50_bowtie2_q5.bam.group	
8	16700598	16708463	8	16704530	16704531	FBMB50_bowtie2_q5.bam.group	
8	172097091	172204850	8	172150970	172150971	FBMB50_bowtie2_q5.bam.group	
10	145465052	145474415	10	145469733	145469734	FBMB50_bowtie2_q5.bam.group	
1	35758978	35759890	1	35759434	35759435	FBMB51_bowtie2_q5.bam.group	
1	295263101	295263834	1	295263467	295263468	FBMB51_bowtie2_q5.bam.group	
2	8951825	8952577	2	8952201	8952202	FBMB51_bowtie2_q5.bam.group	
2	199563689	199563888	2	199563788	199563789	FBMB51_bowtie2_q5.bam.group	
3	12522291	12526331	3	12524311	12524312	FBMB51_bowtie2_q5.bam.group	
3	203290494	203290660	3	203290577	203290578	FBMB51_bowtie2_q5.bam.group	
4	3257264	3258053	4	3257658	3257659	FBMB51_bowtie2_q5.bam.group	
4	202275774	202276222	4	202275998	202275999	FBMB51_bowtie2_q5.bam.group	
6	139116295	139246771	6	139181533	139181534	FBMB51_bowtie2_q5.bam.group	
6	163817271	163817577	6	163817424	163817425	FBMB51_bowtie2_q5.bam.group	
7	21639034	21640624	7	21639829	21639830	FBMB51_bowtie2_q5.bam.group	
1	295444391	295446598	1	295445494	295445495	FBMB52_bowtie2_q5.bam.group	
2	180566303	190396563	2	185481433	185481434	FBMB52_bowtie2_q5.bam.group	
3	10065414	10066925	3	10066169	10066170	FBMB52_bowtie2_q5.bam.group	
3	191092264	192752282	3	191922273	191922274	FBMB52_bowtie2_q5.bam.group	
4	22936374	22982231	4	22959302	22959303	FBMB52_bowtie2_q5.bam.group	
5	16167831	16169934	5	16168882	16168883	FBMB52_bowtie2_q5.bam.group	
6	156865838	156877496	6	156871667	156871668	FBMB52_bowtie2_q5.bam.group	
7	21659655	21727766	7	21693710	21693711	FBMB52_bowtie2_q5.bam.group	
8	23934415	23946618	8	23940516	23940517	FBMB52_bowtie2_q5.bam.group	
8	131675584	136225649	8	133950616	133950617	FBMB52_bowtie2_q5.bam.group	
10	138805278	138806103	10	138805690	138805691	FBMB52_bowtie2_q5.bam.group	
1	7490071	7490302	1	7490186	7490187	FBMB53_bowtie2_q5.bam.group	
1	83401595	83401901	1	83401748	83401749	FBMB53_bowtie2_q5.bam.group	
1	225627622	225628480	1	225628051	225628052	FBMB53_bowtie2_q5.bam.group	
2	9548372	9550120	2	9549246	9549247	FBMB53_bowtie2_q5.bam.group	
4	177329175	177329495	4	177329335	177329336	FBMB53_bowtie2_q5.bam.group	
5	18702543	18703570	5	18703056	18703057	FBMB53_bowtie2_q5.bam.group	
5	197784700	197785669	5	197785184	197785185	FBMB53_bowtie2_q5.bam.group	
6	117443908	122075372	6	119759640	119759641	FBMB53_bowtie2_q5.bam.group	
7	170621904	171110848	7	170866376	170866377	FBMB53_bowtie2_q5.bam.group	
9	106413649	107151247	9	106782448	106782449	FBMB53_bowtie2_q5.bam.group	
9	15906104	15906290	9	15906197	15906198	FBMB53_bowtie2_q5.bam.group	
1	17828967	17830783	1	17829875	17829876	FBMB54_bowtie2_q5.bam.group	
3	173356689	173368469	3	173362579	173362580	FBMB54_bowtie2_q5.bam.group	
4	169899945	172597389	4	171248667	171248668	FBMB54_bowtie2_q5.bam.group	
5	6436281	6442155	5	6439218	6439219	FBMB54_bowtie2_q5.bam.group	
5	31939569	32186467	5	32063018	32063019	FBMB54_bowtie2_q5.bam.group	
5	172038402	172038499	5	172038450	172038451	FBMB54_bowtie2_q5.bam.group	
10	91095551	91099356	10	91097453	91097454	FBMB54_bowtie2_q5.bam.group	
1	66896054	66912846	1	66904450	66904451	FBMB61_bowtie2.bam_q5.bam.group	
3	147124845	147188909	3	147156877	147156878	FBMB61_bowtie2.bam_q5.bam.group	
3	212616326	228946158	3	220781242	220781243	FBMB61_bowtie2.bam_q5.bam.group	
5	151713085	151714247	5	151713666	151713667	FBMB61_bowtie2.bam_q5.bam.group	
5	183495924	183500100	5	183498012	183498013	FBMB61_bowtie2.bam_q5.bam.group	
8	172366129	172366832	8	172366480	172366481	FBMB61_bowtie2.bam_q5.bam.group	
9	17083805	17085325	9	17084565	17084566	FBMB61_bowtie2.bam_q5.bam.group	
9	141475952	141476072	9	141476012	141476013	FBMB61_bowtie2.bam_q5.bam.group	
10	5040301	5085742	10	5063021	5063022	FBMB61_bowtie2.bam_q5.bam.group	
1	9580085	9580160	1	9580122	9580123	FBMB62_bowtie2.bam_q5.bam.group	
1	251693143	251711469	1	251702306	251702307	FBMB62_bowtie2.bam_q5.bam.group	
4	14238582	14386105	4	14312343	14312344	FBMB62_bowtie2.bam_q5.bam.group	
4	169899945	172597389	4	171248667	171248668	FBMB62_bowtie2.bam_q5.bam.group	
5	59432364	61352145	5	60392254	60392255	FBMB62_bowtie2.bam_q5.bam.group	
7	5976423	5978049	7	5977236	5977237	FBMB62_bowtie2.bam_q5.bam.group	
7	129241984	129251340	7	129246662	129246663	FBMB62_bowtie2.bam_q5.bam.group	
9	28095120	28130035	9	28112577	28112578	FBMB62_bowtie2.bam_q5.bam.group	
9	141981900	141982551	9	141982225	141982226	FBMB62_bowtie2.bam_q5.bam.group	
1	12853425	12853989	1	12853707	12853708	FBMB63_bowtie2.bam_q5.bam.group	
2	219728290	219729828	2	219729059	219729060	FBMB63_bowtie2.bam_q5.bam.group	
3	10555926	10562639	3	10559282	10559283	FBMB63_bowtie2.bam_q5.bam.group	
3	212616326	228946158	3	220781242	220781243	FBMB63_bowtie2.bam_q5.bam.group	
4	173295060	173905899	4	173600479	173600480	FBMB63_bowtie2.bam_q5.bam.group	
5	176888937	176938052	5	176913494	176913495	FBMB63_bowtie2.bam_q5.bam.group	
8	103311040	103311636	8	103311338	103311339	FBMB63_bowtie2.bam_q5.bam.group	
8	165324805	165617632	8	165471218	165471219	FBMB63_bowtie2.bam_q5.bam.group	
10	132547842	132548122	10	132547982	132547983	FBMB63_bowtie2.bam_q5.bam.group	
1	281635259	281635405	1	281635332	281635333	FBMB67_bowtie2.bam_q5.bam.group	
2	22610142	22611645	2	22610893	22610894	FBMB67_bowtie2.bam_q5.bam.group	
3	11062464	11178201	3	11120332	11120333	FBMB67_bowtie2.bam_q5.bam.group	
3	167433816	167434022	3	167433919	167433920	FBMB67_bowtie2.bam_q5.bam.group	
8	169084367	169086780	8	169085573	169085574	FBMB67_bowtie2.bam_q5.bam.group	
9	8428647	8428820	9	8428733	8428734	FBMB67_bowtie2.bam_q5.bam.group	
9	133585704	133585763	9	133585733	133585734	FBMB67_bowtie2.bam_q5.bam.group	
10	139811253	139839987	10	139825620	139825621	FBMB67_bowtie2.bam_q5.bam.group	
1	268940498	269017232	1	268978865	268978866	FBMB68_bowtie2.bam_q5.bam.group	
2	33757920	33841570	2	33799745	33799746	FBMB68_bowtie2.bam_q5.bam.group	
2	232367477	232367857	2	232367667	232367668	FBMB68_bowtie2.bam_q5.bam.group	
3	5328988	5334287	3	5331637	5331638	FBMB68_bowtie2.bam_q5.bam.group	
4	19110927	19111848	4	19111387	19111388	FBMB68_bowtie2.bam_q5.bam.group	
5	16897792	16897973	5	16897882	16897883	FBMB68_bowtie2.bam_q5.bam.group	
6	150074175	151583327	6	150828751	150828752	FBMB68_bowtie2.bam_q5.bam.group	
7	15416486	15416804	7	15416645	15416646	FBMB68_bowtie2.bam_q5.bam.group	
7	165360066	165362433	7	165361249	165361250	FBMB68_bowtie2.bam_q5.bam.group	
8	109751767	109759919	8	109755843	109755844	FBMB68_bowtie2.bam_q5.bam.group	
9	152373852	152441513	9	152407682	152407683	FBMB68_bowtie2.bam_q5.bam.group	
10	4564895	4578716	10	4571805	4571806	FBMB68_bowtie2.bam_q5.bam.group	
1	22380863	22742413	1	22561638	22561639	FBMB69_bowtie2.bam_q5.bam.group	
2	143516338	143519459	2	143517898	143517899	FBMB69_bowtie2.bam_q5.bam.group	
2	215093210	215093816	2	215093513	215093514	FBMB69_bowtie2.bam_q5.bam.group	
3	15434624	15434903	3	15434763	15434764	FBMB69_bowtie2.bam_q5.bam.group	
3	161172525	161199253	3	161185889	161185890	FBMB69_bowtie2.bam_q5.bam.group	
4	2184967	2254332	4	2219649	2219650	FBMB69_bowtie2.bam_q5.bam.group	
5	4583169	4583446	5	4583307	4583308	FBMB69_bowtie2.bam_q5.bam.group	
6	117443908	122075372	6	119759640	119759641	FBMB69_bowtie2.bam_q5.bam.group	
8	160983168	160985559	8	160984363	160984364	FBMB69_bowtie2.bam_q5.bam.group	
9	141789653	141790024	9	141789838	141789839	FBMB69_bowtie2.bam_q5.bam.group	
10	10284504	10284542	10	10284523	10284524	FBMB69_bowtie2.bam_q5.bam.group	
1	39904249	39904947	1	39904598	39904599	FBMB7_bowtie2_q5.bam.group	
1	279940246	280214710	1	280077478	280077479	FBMB7_bowtie2_q5.bam.group	
2	9427493	9428108	2	9427800	9427801	FBMB7_bowtie2_q5.bam.group	
2	163417327	163418058	2	163417692	163417693	FBMB7_bowtie2_q5.bam.group	
3	11056424	11060448	3	11058436	11058437	FBMB7_bowtie2_q5.bam.group	
3	178151561	178151720	3	178151640	178151641	FBMB7_bowtie2_q5.bam.group	
5	22654723	22655548	5	22655135	22655136	FBMB7_bowtie2_q5.bam.group	
6	147137647	149201028	6	148169337	148169338	FBMB7_bowtie2_q5.bam.group	
7	153253228	153253514	7	153253371	153253372	FBMB7_bowtie2_q5.bam.group	
8	96933307	96934677	8	96933992	96933993	FBMB7_bowtie2_q5.bam.group	
10	4151939	4164752	10	4158345	4158346	FBMB7_bowtie2_q5.bam.group	
1	251162861	251163595	1	251163228	251163229	FBMB70_ATCACG_L003_bowtie2_q5.bam.group	
3	10465278	10466198	3	10465738	10465739	FBMB70_ATCACG_L003_bowtie2_q5.bam.group	
3	208794568	208794595	3	208794581	208794582	FBMB70_ATCACG_L003_bowtie2_q5.bam.group	
4	179081257	179089989	4	179085623	179085624	FBMB70_ATCACG_L003_bowtie2_q5.bam.group	
5	6454339	6455393	5	6454866	6454867	FBMB70_ATCACG_L003_bowtie2_q5.bam.group	
7	159857239	159857719	7	159857479	159857480	FBMB70_ATCACG_L003_bowtie2_q5.bam.group	
9	139698671	139699292	9	139698981	139698982	FBMB70_ATCACG_L003_bowtie2_q5.bam.group	
1	200435532	200435560	1	200435546	200435547	FBMB71_TTAGGC_L003_bowtie2_q5.bam.group	
1	258388592	258394743	1	258391667	258391668	FBMB71_TTAGGC_L003_bowtie2_q5.bam.group	
2	177154383	177154458	2	177154420	177154421	FBMB71_TTAGGC_L003_bowtie2_q5.bam.group	
3	5888505	6861933	3	6375219	6375220	FBMB71_TTAGGC_L003_bowtie2_q5.bam.group	
3	187474691	187475165	3	187474928	187474929	FBMB71_TTAGGC_L003_bowtie2_q5.bam.group	
4	155529450	155531717	4	155530583	155530584	FBMB71_TTAGGC_L003_bowtie2_q5.bam.group	
4	192408395	192408755	4	192408575	192408576	FBMB71_TTAGGC_L003_bowtie2_q5.bam.group	
6	142206921	142241576	6	142224248	142224249	FBMB71_TTAGGC_L003_bowtie2_q5.bam.group	
9	133268584	133276528	9	133272556	133272557	FBMB71_TTAGGC_L003_bowtie2_q5.bam.group	
1	93597314	93611251	1	93604282	93604283	FBMB72_ACTTGA_L003_bowtie2_q5.bam.group	
1	229858112	230918830	1	230388471	230388472	FBMB72_ACTTGA_L003_bowtie2_q5.bam.group	
1	253913157	253914016	1	253913586	253913587	FBMB72_ACTTGA_L003_bowtie2_q5.bam.group	
2	128181419	128181509	2	128181464	128181465	FBMB72_ACTTGA_L003_bowtie2_q5.bam.group	
2	233126553	233128449	2	233127501	233127502	FBMB72_ACTTGA_L003_bowtie2_q5.bam.group	
4	5454397	5454452	4	5454424	5454425	FBMB72_ACTTGA_L003_bowtie2_q5.bam.group	
4	185648177	185649262	4	185648719	185648720	FBMB72_ACTTGA_L003_bowtie2_q5.bam.group	
6	103133693	103133720	6	103133706	103133707	FBMB72_ACTTGA_L003_bowtie2_q5.bam.group	
7	141785029	141789864	7	141787446	141787447	FBMB72_ACTTGA_L003_bowtie2_q5.bam.group	
8	123521180	123528247	8	123524713	123524714	FBMB72_ACTTGA_L003_bowtie2_q5.bam.group	
9	138894493	138894826	9	138894659	138894660	FBMB72_ACTTGA_L003_bowtie2_q5.bam.group	
10	134494959	134495519	10	134495239	134495240	FBMB72_ACTTGA_L003_bowtie2_q5.bam.group	
1	17489541	17492613	1	17491077	17491078	FBMB73_GATCAG_L003_bowtie2_q5.bam.group	
1	295315688	295315802	1	295315745	295315746	FBMB73_GATCAG_L003_bowtie2_q5.bam.group	
4	27979137	27981015	4	27980076	27980077	FBMB73_GATCAG_L003_bowtie2_q5.bam.group	
4	169873911	172597389	4	171235650	171235651	FBMB73_GATCAG_L003_bowtie2_q5.bam.group	
6	95327087	95347237	6	95337162	95337163	FBMB73_GATCAG_L003_bowtie2_q5.bam.group	
6	159497075	163293304	6	161395189	161395190	FBMB73_GATCAG_L003_bowtie2_q5.bam.group	
7	52706987	52707005	7	52706996	52706997	FBMB73_GATCAG_L003_bowtie2_q5.bam.group	
8	25119347	25119597	8	25119472	25119473	FBMB73_GATCAG_L003_bowtie2_q5.bam.group	
9	12944783	12969962	9	12957372	12957373	FBMB73_GATCAG_L003_bowtie2_q5.bam.group	
10	116037330	116057096	10	116047213	116047214	FBMB73_GATCAG_L003_bowtie2_q5.bam.group	
10	138028301	138028953	10	138028627	138028628	FBMB73_GATCAG_L003_bowtie2_q5.bam.group	
1	15068599	15069073	1	15068836	15068837	FBMB75_GGCTAC_L003_bowtie2_q5.bam.group	
1	84409975	84413653	1	84411814	84411815	FBMB75_GGCTAC_L003_bowtie2_q5.bam.group	
1	275007710	275026071	1	275016890	275016891	FBMB75_GGCTAC_L003_bowtie2_q5.bam.group	
3	200877937	201139654	3	201008795	201008796	FBMB75_GGCTAC_L003_bowtie2_q5.bam.group	
4	9998571	10004760	4	10001665	10001666	FBMB75_GGCTAC_L003_bowtie2_q5.bam.group	
4	176227234	176496884	4	176362059	176362060	FBMB75_GGCTAC_L003_bowtie2_q5.bam.group	
6	152178638	152178801	6	152178719	152178720	FBMB75_GGCTAC_L003_bowtie2_q5.bam.group	
7	21799204	21799369	7	21799286	21799287	FBMB75_GGCTAC_L003_bowtie2_q5.bam.group	
7	166845910	166846449	7	166846179	166846180	FBMB75_GGCTAC_L003_bowtie2_q5.bam.group	
8	21814009	21814049	8	21814029	21814030	FBMB75_GGCTAC_L003_bowtie2_q5.bam.group	
8	118105465	118106873	8	118106169	118106170	FBMB75_GGCTAC_L003_bowtie2_q5.bam.group	
9	39392136	39392162	9	39392149	39392150	FBMB75_GGCTAC_L003_bowtie2_q5.bam.group	
10	86983286	86983456	10	86983371	86983372	FBMB75_GGCTAC_L003_bowtie2_q5.bam.group	
10	143932865	143933378	10	143933121	143933122	FBMB75_GGCTAC_L003_bowtie2_q5.bam.group	
1	66833943	66912846	1	66873394	66873395	FBMB76_ATCACG_L004_bowtie2_q5.bam.group	
1	246350850	246352702	1	246351776	246351777	FBMB76_ATCACG_L004_bowtie2_q5.bam.group	
2	13344271	13344599	2	13344435	13344436	FBMB76_ATCACG_L004_bowtie2_q5.bam.group	
3	4195919	4249708	3	4222813	4222814	FBMB76_ATCACG_L004_bowtie2_q5.bam.group	
4	7312052	7317068	4	7314560	7314561	FBMB76_ATCACG_L004_bowtie2_q5.bam.group	
4	169851439	169873887	4	169862663	169862664	FBMB76_ATCACG_L004_bowtie2_q5.bam.group	
5	172141852	172206232	5	172174042	172174043	FBMB76_ATCACG_L004_bowtie2_q5.bam.group	
8	69781135	69863397	8	69822266	69822267	FBMB76_ATCACG_L004_bowtie2_q5.bam.group	
9	27015269	27016154	9	27015711	27015712	FBMB76_ATCACG_L004_bowtie2_q5.bam.group	
10	138609468	138609836	10	138609652	138609653	FBMB76_ATCACG_L004_bowtie2_q5.bam.group	
1	52327456	52334281	1	52330868	52330869	FBMB77_TTAGGC_L004_bowtie2_q5.bam.group	
2	233424454	233424519	2	233424486	233424487	FBMB77_TTAGGC_L004_bowtie2_q5.bam.group	
3	178417507	178417643	3	178417575	178417576	FBMB77_TTAGGC_L004_bowtie2_q5.bam.group	
4	4865954	4866227	4	4866090	4866091	FBMB77_TTAGGC_L004_bowtie2_q5.bam.group	
4	212898325	227237904	4	220068114	220068115	FBMB77_TTAGGC_L004_bowtie2_q5.bam.group	
6	158480759	158480930	6	158480844	158480845	FBMB77_TTAGGC_L004_bowtie2_q5.bam.group	
7	165946925	165974047	7	165960486	165960487	FBMB77_TTAGGC_L004_bowtie2_q5.bam.group	
8	8470178	8471993	8	8471085	8471086	FBMB77_TTAGGC_L004_bowtie2_q5.bam.group	
8	160107010	160600220	8	160353615	160353616	FBMB77_TTAGGC_L004_bowtie2_q5.bam.group	
9	136301952	136302621	9	136302286	136302287	FBMB77_TTAGGC_L004_bowtie2_q5.bam.group	
10	146643886	146644169	10	146644027	146644028	FBMB77_TTAGGC_L004_bowtie2_q5.bam.group	
1	39334606	39336439	1	39335522	39335523	FBMB78_ACTTGA_L004_bowtie2_q5.bam.group	
1	248107938	248107985	1	248107961	248107962	FBMB78_ACTTGA_L004_bowtie2_q5.bam.group	
1	295192987	295193709	1	295193348	295193349	FBMB78_ACTTGA_L004_bowtie2_q5.bam.group	
2	174551887	174555523	2	174553705	174553706	FBMB78_ACTTGA_L004_bowtie2_q5.bam.group	
4	10643188	10643743	4	10643465	10643466	FBMB78_ACTTGA_L004_bowtie2_q5.bam.group	
6	17153690	17163283	6	17158486	17158487	FBMB78_ACTTGA_L004_bowtie2_q5.bam.group	
6	151984283	152175824	6	152080053	152080054	FBMB78_ACTTGA_L004_bowtie2_q5.bam.group	
9	26895141	26895250	9	26895195	26895196	FBMB78_ACTTGA_L004_bowtie2_q5.bam.group	
9	136671510	136672139	9	136671824	136671825	FBMB78_ACTTGA_L004_bowtie2_q5.bam.group	
10	71545392	71546621	10	71546006	71546007	FBMB78_ACTTGA_L004_bowtie2_q5.bam.group	
10	145187852	145188047	10	145187949	145187950	FBMB78_ACTTGA_L004_bowtie2_q5.bam.group	
1	110637662	110637676	1	110637669	110637670	FBMB79_GATCAG_L004_bowtie2_q5.bam.group	
4	4903143	4905004	4	4904073	4904074	FBMB79_GATCAG_L004_bowtie2_q5.bam.group	
5	6478031	6478513	5	6478272	6478273	FBMB79_GATCAG_L004_bowtie2_q5.bam.group	
5	190242823	190243060	5	190242941	190242942	FBMB79_GATCAG_L004_bowtie2_q5.bam.group	
6	133173932	133193678	6	133183805	133183806	FBMB79_GATCAG_L004_bowtie2_q5.bam.group	
7	93084106	93084165	7	93084135	93084136	FBMB79_GATCAG_L004_bowtie2_q5.bam.group	
7	173749301	173749739	7	173749520	173749521	FBMB79_GATCAG_L004_bowtie2_q5.bam.group	
1	173927712	173930624	1	173929168	173929169	FBMB8_bowtie2_q5.bam.group	
1	274991329	274993289	1	274992309	274992310	FBMB8_bowtie2_q5.bam.group	
2	19431902	19432088	2	19431995	19431996	FBMB8_bowtie2_q5.bam.group	
3	12528130	12532911	3	12530520	12530521	FBMB8_bowtie2_q5.bam.group	
4	14392887	14394729	4	14393808	14393809	FBMB8_bowtie2_q5.bam.group	
4	154271156	154274625	4	154272890	154272891	FBMB8_bowtie2_q5.bam.group	
5	140986422	140997435	5	140991928	140991929	FBMB8_bowtie2_q5.bam.group	
8	20671895	20675601	8	20673748	20673749	FBMB8_bowtie2_q5.bam.group	
9	21924393	21924676	9	21924534	21924535	FBMB8_bowtie2_q5.bam.group	
9	106413649	107151247	9	106782448	106782449	FBMB8_bowtie2_q5.bam.group	
2	70530878	70559507	2	70545192	70545193	FBMB80_TAGCTT_L004_bowtie2_q5.bam.group	
2	234805459	234820067	2	234812763	234812764	FBMB80_TAGCTT_L004_bowtie2_q5.bam.group	
3	7125181	7126218	3	7125699	7125700	FBMB80_TAGCTT_L004_bowtie2_q5.bam.group	
4	185734615	185752486	4	185743550	185743551	FBMB80_TAGCTT_L004_bowtie2_q5.bam.group	
5	37209090	37209137	5	37209113	37209114	FBMB80_TAGCTT_L004_bowtie2_q5.bam.group	
6	164678217	164678359	6	164678288	164678289	FBMB80_TAGCTT_L004_bowtie2_q5.bam.group	
9	39100389	39100433	9	39100411	39100412	FBMB80_TAGCTT_L004_bowtie2_q5.bam.group	
1	156155772	156156110	1	156155941	156155942	FBMB81_GGCTAC_L004_bowtie2_q5.bam.group	
1	224102457	224103323	1	224102890	224102891	FBMB81_GGCTAC_L004_bowtie2_q5.bam.group	
2	233395613	233395854	2	233395733	233395734	FBMB81_GGCTAC_L004_bowtie2_q5.bam.group	
3	149553855	149557879	3	149555867	149555868	FBMB81_GGCTAC_L004_bowtie2_q5.bam.group	
3	202557209	202558280	3	202557744	202557745	FBMB81_GGCTAC_L004_bowtie2_q5.bam.group	
4	189131288	189132041	4	189131664	189131665	FBMB81_GGCTAC_L004_bowtie2_q5.bam.group	
7	117361546	117363458	7	117362502	117362503	FBMB81_GGCTAC_L004_bowtie2_q5.bam.group	
8	5162142	5163830	8	5162986	5162987	FBMB81_GGCTAC_L004_bowtie2_q5.bam.group	
8	110714037	110716121	8	110715079	110715080	FBMB81_GGCTAC_L004_bowtie2_q5.bam.group	
10	5881559	5896080	10	5888819	5888820	FBMB81_GGCTAC_L004_bowtie2_q5.bam.group	
10	140921080	140942220	10	140931650	140931651	FBMB81_GGCTAC_L004_bowtie2_q5.bam.group	
1	23924747	23927617	1	23926182	23926183	FBMB9_bowtie2_q5.bam.group	
2	20107594	20108194	2	20107894	20107895	FBMB9_bowtie2_q5.bam.group	
3	6143199	6861933	3	6502566	6502567	FBMB9_bowtie2_q5.bam.group	
4	31343593	31348642	4	31346117	31346118	FBMB9_bowtie2_q5.bam.group	
5	31863336	31879222	5	31871279	31871280	FBMB9_bowtie2_q5.bam.group	
6	154728481	156458362	6	155593421	155593422	FBMB9_bowtie2_q5.bam.group	
7	165795450	165798636	7	165797043	165797044	FBMB9_bowtie2_q5.bam.group	
9	152443052	152443267	9	152443159	152443160	FBMB9_bowtie2_q5.bam.group	
9	7899720	8136747	9	8018233	8018234	FBMB9_bowtie2_q5.bam.group	
1	216700290	216700383	1	216700336	216700337	BBM13_bowtie2.bam_q5.bam.group	
2	4259588	4262363	2	4260975	4260976	BBM13_bowtie2.bam_q5.bam.group	
5	10113846	10116576	5	10115211	10115212	BBM13_bowtie2.bam_q5.bam.group	
6	150074175	151583327	6	150828751	150828752	BBM13_bowtie2.bam_q5.bam.group	
7	138272890	138284329	7	138278609	138278610	BBM13_bowtie2.bam_q5.bam.group	
8	4659108	4674386	8	4666747	4666748	BBM13_bowtie2.bam_q5.bam.group	
8	170280496	170280554	8	170280525	170280526	BBM13_bowtie2.bam_q5.bam.group	
9	2931657	6000645	9	4466151	4466152	BBM13_bowtie2.bam_q5.bam.group	
10	148506334	148513367	10	148509850	148509851	BBM13_bowtie2.bam_q5.bam.group	
1	179570787	179571916	1	179571351	179571352	BBM14_bowtie2.bam_q5.bam.group	
2	28873060	28887926	2	28880493	28880494	BBM14_bowtie2.bam_q5.bam.group	
2	209584662	209627555	2	209606108	209606109	BBM14_bowtie2.bam_q5.bam.group	
6	124803465	124804413	6	124803939	124803940	BBM14_bowtie2.bam_q5.bam.group	
7	162150174	162150238	7	162150206	162150207	BBM14_bowtie2.bam_q5.bam.group	
10	9589690	9597679	10	9593684	9593685	BBM14_bowtie2.bam_q5.bam.group	
1	12211098	12213027	1	12212062	12212063	BBM15_bowtie2.bam_q5.bam.group	
1	290591831	290598386	1	290595108	290595109	BBM15_bowtie2.bam_q5.bam.group	
2	205038653	205073692	2	205056172	205056173	BBM15_bowtie2.bam_q5.bam.group	
3	9434802	9435738	3	9435270	9435271	BBM15_bowtie2.bam_q5.bam.group	
4	177457228	178387021	4	177922124	177922125	BBM15_bowtie2.bam_q5.bam.group	
4	231525483	232238909	4	231882196	231882197	BBM15_bowtie2.bam_q5.bam.group	
8	3119340	4451469	8	3785404	3785405	BBM15_bowtie2.bam_q5.bam.group	
9	147516770	147517291	9	147517030	147517031	BBM15_bowtie2.bam_q5.bam.group	
1	21720163	21721398	1	21720780	21720781	BBM16_bowtie2.bam_q5.bam.group	
1	191893055	192026675	1	191959865	191959866	BBM16_bowtie2.bam_q5.bam.group	
2	180779614	190396563	2	185588088	185588089	BBM16_bowtie2.bam_q5.bam.group	
4	22711486	22711839	4	22711662	22711663	BBM16_bowtie2.bam_q5.bam.group	
5	14660231	14664457	5	14662344	14662345	BBM16_bowtie2.bam_q5.bam.group	
6	19385126	19387130	6	19386128	19386129	BBM16_bowtie2.bam_q5.bam.group	
7	155837529	155883762	7	155860645	155860646	BBM16_bowtie2.bam_q5.bam.group	
8	19319448	19466196	8	19392822	19392823	BBM16_bowtie2.bam_q5.bam.group	
9	7899873	8136747	9	8018310	8018311	BBM16_bowtie2.bam_q5.bam.group	
10	132531080	132531189	10	132531134	132531135	BBM16_bowtie2.bam_q5.bam.group	
1	22380863	22742413	1	22561638	22561639	BBM17_bowtie2.bam_q5.bam.group	
1	166796032	166801127	1	166798579	166798580	BBM17_bowtie2.bam_q5.bam.group	
1	279637630	279648424	1	279643027	279643028	BBM17_bowtie2.bam_q5.bam.group	
2	26875707	26882258	2	26878982	26878983	BBM17_bowtie2.bam_q5.bam.group	
2	160793598	160793650	2	160793624	160793625	BBM17_bowtie2.bam_q5.bam.group	
2	219600985	219654042	2	219627513	219627514	BBM17_bowtie2.bam_q5.bam.group	
3	168491802	168491944	3	168491873	168491874	BBM17_bowtie2.bam_q5.bam.group	
4	190386150	190387841	4	190386995	190386996	BBM17_bowtie2.bam_q5.bam.group	
6	111049178	111139909	6	111094543	111094544	BBM17_bowtie2.bam_q5.bam.group	
6	159228340	159229821	6	159229080	159229081	BBM17_bowtie2.bam_q5.bam.group	
7	10795404	10795682	7	10795543	10795544	BBM17_bowtie2.bam_q5.bam.group	
9	108348188	108348202	9	108348195	108348196	BBM17_bowtie2.bam_q5.bam.group	
10	4751378	4751776	10	4751577	4751578	BBM17_bowtie2.bam_q5.bam.group	
3	166796726	166796963	3	166796844	166796845	BBM18_bowtie2_q5.bam.group	
5	201235028	201238451	5	201236739	201236740	BBM18_bowtie2_q5.bam.group	
7	151965979	151980478	7	151973228	151973229	BBM18_bowtie2_q5.bam.group	
8	22831147	22844391	8	22837769	22837770	BBM18_bowtie2_q5.bam.group	
9	149034692	149035756	9	149035224	149035225	BBM18_bowtie2_q5.bam.group	