chr	CO_start	CO_end	chr	CO_midpoint_Start	CO_midpoint_End	sample	
1	10829587	11034330	1	10931958	10931959	BBM10_bowtie2.bam_q5.bam.group	
1	242900077	242918034	1	242909055	242909056	BBM10_bowtie2.bam_q5.bam.group	
2	16732891	16770788	2	16751839	16751840	BBM10_bowtie2.bam_q5.bam.group	
3	3555636	3556226	3	3555931	3555932	BBM10_bowtie2.bam_q5.bam.group	
4	10642155	10642307	4	10642231	10642232	BBM10_bowtie2.bam_q5.bam.group	
4	153580006	153616282	4	153598144	153598145	BBM10_bowtie2.bam_q5.bam.group	
6	105503702	105503921	6	105503811	105503812	BBM10_bowtie2.bam_q5.bam.group	
8	9911138	9912099	8	9911618	9911619	BBM10_bowtie2.bam_q5.bam.group	
9	106413649	107151247	9	106782448	106782449	BBM10_bowtie2.bam_q5.bam.group	
10	24653760	24654570	10	24654165	24654166	BBM10_bowtie2.bam_q5.bam.group	
10	146941757	146942278	10	146942017	146942018	BBM10_bowtie2.bam_q5.bam.group	
1	73338912	73340052	1	73339482	73339483	BBM107_ATCACG_L005_R1_cm.fastq_q5.bam.group	
1	246408717	246409469	1	246409093	246409094	BBM107_ATCACG_L005_R1_cm.fastq_q5.bam.group	
2	40139635	40140839	2	40140237	40140238	BBM107_ATCACG_L005_R1_cm.fastq_q5.bam.group	
3	204644237	204644877	3	204644557	204644558	BBM107_ATCACG_L005_R1_cm.fastq_q5.bam.group	
4	92762494	92762606	4	92762550	92762551	BBM107_ATCACG_L005_R1_cm.fastq_q5.bam.group	
6	164510303	164510586	6	164510444	164510445	BBM107_ATCACG_L005_R1_cm.fastq_q5.bam.group	
7	5328655	5328946	7	5328800	5328801	BBM107_ATCACG_L005_R1_cm.fastq_q5.bam.group	
7	157583597	157584612	7	157584104	157584105	BBM107_ATCACG_L005_R1_cm.fastq_q5.bam.group	
10	10383359	10385101	10	10384230	10384231	BBM107_ATCACG_L005_R1_cm.fastq_q5.bam.group	
10	133588379	133595010	10	133591694	133591695	BBM107_ATCACG_L005_R1_cm.fastq_q5.bam.group	
1	15068275	15068599	1	15068437	15068438	BBM108_TTAGGC_L005_R1_cm.fastq_q5.bam.group	
1	72096454	72096508	1	72096481	72096482	BBM108_TTAGGC_L005_R1_cm.fastq_q5.bam.group	
2	16740980	16770788	2	16755884	16755885	BBM108_TTAGGC_L005_R1_cm.fastq_q5.bam.group	
3	229942162	229982696	3	229962429	229962430	BBM108_TTAGGC_L005_R1_cm.fastq_q5.bam.group	
4	5968126	6166216	4	6067171	6067172	BBM108_TTAGGC_L005_R1_cm.fastq_q5.bam.group	
6	138639049	138639161	6	138639105	138639106	BBM108_TTAGGC_L005_R1_cm.fastq_q5.bam.group	
9	151986266	151986491	9	151986378	151986379	BBM108_TTAGGC_L005_R1_cm.fastq_q5.bam.group	
10	6860801	6861136	10	6860968	6860969	BBM108_TTAGGC_L005_R1_cm.fastq_q5.bam.group	
1	203551672	225203807	1	214377739	214377740	BBM109_ACTTGA_L005_R1_cm.fastq_q5.bam.group	
3	7124224	7124292	3	7124258	7124259	BBM109_ACTTGA_L005_R1_cm.fastq_q5.bam.group	
3	157210003	158441978	3	157825990	157825991	BBM109_ACTTGA_L005_R1_cm.fastq_q5.bam.group	
4	11830724	11831144	4	11830934	11830935	BBM109_ACTTGA_L005_R1_cm.fastq_q5.bam.group	
4	154110308	154167973	4	154139140	154139141	BBM109_ACTTGA_L005_R1_cm.fastq_q5.bam.group	
5	161194192	161194840	5	161194516	161194517	BBM109_ACTTGA_L005_R1_cm.fastq_q5.bam.group	
6	37285211	37305940	6	37295575	37295576	BBM109_ACTTGA_L005_R1_cm.fastq_q5.bam.group	
7	118528185	118528353	7	118528269	118528270	BBM109_ACTTGA_L005_R1_cm.fastq_q5.bam.group	
8	10000838	10001334	8	10001086	10001087	BBM109_ACTTGA_L005_R1_cm.fastq_q5.bam.group	
8	171513322	171513419	8	171513370	171513371	BBM109_ACTTGA_L005_R1_cm.fastq_q5.bam.group	
10	79491206	79983825	10	79737515	79737516	BBM109_ACTTGA_L005_R1_cm.fastq_q5.bam.group	
10	146180114	146180229	10	146180171	146180172	BBM109_ACTTGA_L005_R1_cm.fastq_q5.bam.group	
1	250891512	250893035	1	250892273	250892274	BBM11_bowtie2.bam_q5.bam.group	
3	28296119	28331219	3	28313669	28313670	BBM11_bowtie2.bam_q5.bam.group	
4	6530333	6531166	4	6530749	6530750	BBM11_bowtie2.bam_q5.bam.group	
5	26087254	26087770	5	26087512	26087513	BBM11_bowtie2.bam_q5.bam.group	
7	168116310	168138771	7	168127540	168127541	BBM11_bowtie2.bam_q5.bam.group	
8	11204090	11207471	8	11205780	11205781	BBM11_bowtie2.bam_q5.bam.group	
9	11746143	11746364	9	11746253	11746254	BBM11_bowtie2.bam_q5.bam.group	
10	143934177	143935239	10	143934708	143934709	BBM11_bowtie2.bam_q5.bam.group	
1	8629102	8629864	1	8629483	8629484	BBM110_GATCAG_L005_R1_cm.fastq_q5.bam.group	
2	169532856	169538877	2	169535866	169535867	BBM110_GATCAG_L005_R1_cm.fastq_q5.bam.group	
4	151685940	151700560	4	151693250	151693251	BBM110_GATCAG_L005_R1_cm.fastq_q5.bam.group	
4	227270615	227270741	4	227270678	227270679	BBM110_GATCAG_L005_R1_cm.fastq_q5.bam.group	
5	18550858	18550930	5	18550894	18550895	BBM110_GATCAG_L005_R1_cm.fastq_q5.bam.group	
6	80182554	100825982	6	90504268	90504269	BBM110_GATCAG_L005_R1_cm.fastq_q5.bam.group	
8	15984985	15985069	8	15985027	15985028	BBM110_GATCAG_L005_R1_cm.fastq_q5.bam.group	
9	25038503	25042454	9	25040478	25040479	BBM110_GATCAG_L005_R1_cm.fastq_q5.bam.group	
9	147640891	147649756	9	147645323	147645324	BBM110_GATCAG_L005_R1_cm.fastq_q5.bam.group	
10	7130316	7132204	10	7131260	7131261	BBM110_GATCAG_L005_R1_cm.fastq_q5.bam.group	
1	12850716	12852069	1	12851392	12851393	BBM111_TAGCTT_L005_R1_cm.fastq_q5.bam.group	
1	203551672	274407073	1	238979372	238979373	BBM111_TAGCTT_L005_R1_cm.fastq_q5.bam.group	
1	279565690	279565935	1	279565812	279565813	BBM111_TAGCTT_L005_R1_cm.fastq_q5.bam.group	
3	4709840	4709979	3	4709909	4709910	BBM111_TAGCTT_L005_R1_cm.fastq_q5.bam.group	
3	158973142	158974189	3	158973665	158973666	BBM111_TAGCTT_L005_R1_cm.fastq_q5.bam.group	
4	182787812	182791832	4	182789822	182789823	BBM111_TAGCTT_L005_R1_cm.fastq_q5.bam.group	
4	235211903	235212392	4	235212147	235212148	BBM111_TAGCTT_L005_R1_cm.fastq_q5.bam.group	
5	178243282	178243802	5	178243542	178243543	BBM111_TAGCTT_L005_R1_cm.fastq_q5.bam.group	
6	163820347	163822100	6	163821223	163821224	BBM111_TAGCTT_L005_R1_cm.fastq_q5.bam.group	
9	25025104	25038503	9	25031803	25031804	BBM111_TAGCTT_L005_R1_cm.fastq_q5.bam.group	
1	16375125	16377865	1	16376495	16376496	BBM112_GGCTAC_L005_R1_cm.fastq_q5.bam.group	
2	5080715	5082208	2	5081461	5081462	BBM112_GGCTAC_L005_R1_cm.fastq_q5.bam.group	
2	217688907	217696911	2	217692909	217692910	BBM112_GGCTAC_L005_R1_cm.fastq_q5.bam.group	
6	147135569	147137629	6	147136599	147136600	BBM112_GGCTAC_L005_R1_cm.fastq_q5.bam.group	
8	171597432	172097091	8	171847261	171847262	BBM112_GGCTAC_L005_R1_cm.fastq_q5.bam.group	
9	11087408	11155613	9	11121510	11121511	BBM112_GGCTAC_L005_R1_cm.fastq_q5.bam.group	
10	142775095	142776069	10	142775582	142775583	BBM112_GGCTAC_L005_R1_cm.fastq_q5.bam.group	
1	11883478	11884063	1	11883770	11883771	BBM113_CGATGT_L005_R1_001.fastq_q5.bam.group	
1	172967487	172979360	1	172973423	172973424	BBM113_CGATGT_L005_R1_001.fastq_q5.bam.group	
2	12270845	12280952	2	12275898	12275899	BBM113_CGATGT_L005_R1_001.fastq_q5.bam.group	
3	183887598	183888835	3	183888216	183888217	BBM113_CGATGT_L005_R1_001.fastq_q5.bam.group	
4	3748276	3748925	4	3748600	3748601	BBM113_CGATGT_L005_R1_001.fastq_q5.bam.group	
5	36702994	36716017	5	36709505	36709506	BBM113_CGATGT_L005_R1_001.fastq_q5.bam.group	
6	92399033	92486713	6	92442873	92442874	BBM113_CGATGT_L005_R1_001.fastq_q5.bam.group	
7	125857603	125860948	7	125859275	125859276	BBM113_CGATGT_L005_R1_001.fastq_q5.bam.group	
7	162671271	162672273	7	162671772	162671773	BBM113_CGATGT_L005_R1_001.fastq_q5.bam.group	
8	16322645	16322835	8	16322740	16322741	BBM113_CGATGT_L005_R1_001.fastq_q5.bam.group	
8	111238540	111239867	8	111239203	111239204	BBM113_CGATGT_L005_R1_001.fastq_q5.bam.group	
9	149199004	149199822	9	149199413	149199414	BBM113_CGATGT_L005_R1_001.fastq_q5.bam.group	
9	15911826	15913128	9	15912477	15912478	BBM113_CGATGT_L005_R1_001.fastq_q5.bam.group	
10	140190069	140202597	10	140196333	140196334	BBM113_CGATGT_L005_R1_001.fastq_q5.bam.group	
1	37127744	37128653	1	37128198	37128199	BBM114_TGACCA_L005_R1_001.fastq_q5.bam.group	
1	69288223	69288317	1	69288270	69288271	BBM114_TGACCA_L005_R1_001.fastq_q5.bam.group	
1	296971001	296973429	1	296972215	296972216	BBM114_TGACCA_L005_R1_001.fastq_q5.bam.group	
3	12133200	12135054	3	12134127	12134128	BBM114_TGACCA_L005_R1_001.fastq_q5.bam.group	
5	4304760	4304849	5	4304804	4304805	BBM114_TGACCA_L005_R1_001.fastq_q5.bam.group	
7	156499950	156500685	7	156500317	156500318	BBM114_TGACCA_L005_R1_001.fastq_q5.bam.group	
10	4252392	4255513	10	4253952	4253953	BBM114_TGACCA_L005_R1_001.fastq_q5.bam.group	
10	145947411	145948920	10	145948165	145948166	BBM114_TGACCA_L005_R1_001.fastq_q5.bam.group	
1	48486795	48500150	1	48493472	48493473	BBM118_ACAGTG_L005_R1_001.fastq_q5.bam.group	
2	11678944	11679054	2	11678999	11679000	BBM118_ACAGTG_L005_R1_001.fastq_q5.bam.group	
2	232483598	232484484	2	232484041	232484042	BBM118_ACAGTG_L005_R1_001.fastq_q5.bam.group	
4	233871693	233872251	4	233871972	233871973	BBM118_ACAGTG_L005_R1_001.fastq_q5.bam.group	
5	201026739	201034664	5	201030701	201030702	BBM118_ACAGTG_L005_R1_001.fastq_q5.bam.group	
6	156998686	157203272	6	157100979	157100980	BBM118_ACAGTG_L005_R1_001.fastq_q5.bam.group	
7	170620275	170621904	7	170621089	170621090	BBM118_ACAGTG_L005_R1_001.fastq_q5.bam.group	
8	12907286	12911185	8	12909235	12909236	BBM118_ACAGTG_L005_R1_001.fastq_q5.bam.group	
9	8136905	8137391	9	8137148	8137149	BBM118_ACAGTG_L005_R1_001.fastq_q5.bam.group	
9	147477535	147477643	9	147477589	147477590	BBM118_ACAGTG_L005_R1_001.fastq_q5.bam.group	
1	256936286	256937457	1	256936871	256936872	BBM119_GCCAAT_L005_R1_001.fastq_q5.bam.group	
2	41462118	41484048	2	41473083	41473084	BBM119_GCCAAT_L005_R1_001.fastq_q5.bam.group	
3	118892990	122765226	3	120829108	120829109	BBM119_GCCAAT_L005_R1_001.fastq_q5.bam.group	
3	166202026	166202211	3	166202118	166202119	BBM119_GCCAAT_L005_R1_001.fastq_q5.bam.group	
4	169899945	172597389	4	171248667	171248668	BBM119_GCCAAT_L005_R1_001.fastq_q5.bam.group	
5	10205264	10205431	5	10205347	10205348	BBM119_GCCAAT_L005_R1_001.fastq_q5.bam.group	
6	156490918	156491792	6	156491355	156491356	BBM119_GCCAAT_L005_R1_001.fastq_q5.bam.group	
8	38733176	38736813	8	38734994	38734995	BBM119_GCCAAT_L005_R1_001.fastq_q5.bam.group	
8	120138239	120138440	8	120138339	120138340	BBM119_GCCAAT_L005_R1_001.fastq_q5.bam.group	
9	2215776	2217608	9	2216692	2216693	BBM119_GCCAAT_L005_R1_001.fastq_q5.bam.group	
10	145950392	145951110	10	145950751	145950752	BBM119_GCCAAT_L005_R1_001.fastq_q5.bam.group	
1	271313123	271334083	1	271323603	271323604	BBM12_bowtie2.bam_q5.bam.group	
2	205108303	205174040	2	205141171	205141172	BBM12_bowtie2.bam_q5.bam.group	
3	183895980	183897017	3	183896498	183896499	BBM12_bowtie2.bam_q5.bam.group	
4	14386444	14386458	4	14386451	14386452	BBM12_bowtie2.bam_q5.bam.group	
4	155773776	156635000	4	156204388	156204389	BBM12_bowtie2.bam_q5.bam.group	
5	11786062	11786341	5	11786201	11786202	BBM12_bowtie2.bam_q5.bam.group	
8	81828877	81829024	8	81828950	81828951	BBM12_bowtie2.bam_q5.bam.group	
8	169900144	169900979	8	169900561	169900562	BBM12_bowtie2.bam_q5.bam.group	
9	2931657	6000645	9	4466151	4466152	BBM12_bowtie2.bam_q5.bam.group	
10	141535204	141557144	10	141546174	141546175	BBM12_bowtie2.bam_q5.bam.group	
2	11558640	11559589	2	11559114	11559115	BBM120_CAGATC_L005_R1_001.fastq_q5.bam.group	
3	9436000	9450165	3	9443082	9443083	BBM120_CAGATC_L005_R1_001.fastq_q5.bam.group	
3	178729059	178729695	3	178729377	178729378	BBM120_CAGATC_L005_R1_001.fastq_q5.bam.group	
4	173232552	173232797	4	173232674	173232675	BBM120_CAGATC_L005_R1_001.fastq_q5.bam.group	
5	183495924	183500100	5	183498012	183498013	BBM120_CAGATC_L005_R1_001.fastq_q5.bam.group	
6	104151692	104209070	6	104180381	104180382	BBM120_CAGATC_L005_R1_001.fastq_q5.bam.group	
8	130138081	130138395	8	130138238	130138239	BBM120_CAGATC_L005_R1_001.fastq_q5.bam.group	
9	147153905	147154353	9	147154129	147154130	BBM120_CAGATC_L005_R1_001.fastq_q5.bam.group	
9	122954875	122956365	9	122955620	122955621	BBM120_CAGATC_L005_R1_001.fastq_q5.bam.group	
4	234826408	234826615	4	234826511	234826512	BBM121_CTTGTA_L005_R1_001.fastq_q5.bam.group	
5	170023416	170024614	5	170024015	170024016	BBM121_CTTGTA_L005_R1_001.fastq_q5.bam.group	
7	3906305	3909200	7	3907752	3907753	BBM121_CTTGTA_L005_R1_001.fastq_q5.bam.group	
9	143863126	143863867	9	143863496	143863497	BBM121_CTTGTA_L005_R1_001.fastq_q5.bam.group	
10	85713429	85713959	10	85713694	85713695	BBM121_CTTGTA_L005_R1_001.fastq_q5.bam.group	
1	195650152	195651064	1	195650608	195650609	BBM122_ATCACG_L006_R1_001.fastq_q5.bam.group	
1	229236705	229240562	1	229238633	229238634	BBM122_ATCACG_L006_R1_001.fastq_q5.bam.group	
3	3618897	3670122	3	3644509	3644510	BBM122_ATCACG_L006_R1_001.fastq_q5.bam.group	
3	179228599	179228996	3	179228797	179228798	BBM122_ATCACG_L006_R1_001.fastq_q5.bam.group	
4	144351458	145628281	4	144989869	144989870	BBM122_ATCACG_L006_R1_001.fastq_q5.bam.group	
7	33379251	33381214	7	33380232	33380233	BBM122_ATCACG_L006_R1_001.fastq_q5.bam.group	
9	146807734	146812610	9	146810172	146810173	BBM122_ATCACG_L006_R1_001.fastq_q5.bam.group	
10	7131638	7132204	10	7131921	7131922	BBM122_ATCACG_L006_R1_001.fastq_q5.bam.group	
1	148233514	148233524	1	148233519	148233520	BBM124_TTAGGC_L006_R1_001.fastq_q5.bam.group	
1	203469679	203477596	1	203473637	203473638	BBM124_TTAGGC_L006_R1_001.fastq_q5.bam.group	
2	231360281	231360388	2	231360334	231360335	BBM124_TTAGGC_L006_R1_001.fastq_q5.bam.group	
4	14260607	14386105	4	14323356	14323357	BBM124_TTAGGC_L006_R1_001.fastq_q5.bam.group	
4	180432117	180433270	4	180432693	180432694	BBM124_TTAGGC_L006_R1_001.fastq_q5.bam.group	
5	4588183	4603359	5	4595771	4595772	BBM124_TTAGGC_L006_R1_001.fastq_q5.bam.group	
7	5968654	5969430	7	5969042	5969043	BBM124_TTAGGC_L006_R1_001.fastq_q5.bam.group	
7	172870005	172883116	7	172876560	172876561	BBM124_TTAGGC_L006_R1_001.fastq_q5.bam.group	
10	139828394	139839987	10	139834190	139834191	BBM124_TTAGGC_L006_R1_001.fastq_q5.bam.group	
1	178404529	178404558	1	178404543	178404544	BBM125_ACTTGA_L006_R1_001.fastq_q5.bam.group	
1	258955188	258956043	1	258955615	258955616	BBM125_ACTTGA_L006_R1_001.fastq_q5.bam.group	
2	14896328	14899659	2	14897993	14897994	BBM125_ACTTGA_L006_R1_001.fastq_q5.bam.group	
2	232083995	232084057	2	232084026	232084027	BBM125_ACTTGA_L006_R1_001.fastq_q5.bam.group	
3	5950292	6861933	3	6406112	6406113	BBM125_ACTTGA_L006_R1_001.fastq_q5.bam.group	
3	168497068	168521282	3	168509175	168509176	BBM125_ACTTGA_L006_R1_001.fastq_q5.bam.group	
6	57241429	57242054	6	57241741	57241742	BBM125_ACTTGA_L006_R1_001.fastq_q5.bam.group	
6	152645303	154669185	6	153657244	153657245	BBM125_ACTTGA_L006_R1_001.fastq_q5.bam.group	
7	171136583	172214735	7	171675659	171675660	BBM125_ACTTGA_L006_R1_001.fastq_q5.bam.group	
8	104609955	104614156	8	104612055	104612056	BBM125_ACTTGA_L006_R1_001.fastq_q5.bam.group	
9	139759011	139759289	9	139759150	139759151	BBM125_ACTTGA_L006_R1_001.fastq_q5.bam.group	
10	139828394	139839987	10	139834190	139834191	BBM125_ACTTGA_L006_R1_001.fastq_q5.bam.group	
1	14164353	14165676	1	14165014	14165015	BBM126_GCCAAT_L008_R1_001.fastq_q5.bam.group	
2	1976835	1977425	2	1977130	1977131	BBM126_GCCAAT_L008_R1_001.fastq_q5.bam.group	
2	5835688	5836540	2	5836114	5836115	BBM126_GCCAAT_L008_R1_001.fastq_q5.bam.group	
4	3471724	3473546	4	3472635	3472636	BBM126_GCCAAT_L008_R1_001.fastq_q5.bam.group	
4	202987510	203008962	4	202998236	202998237	BBM126_GCCAAT_L008_R1_001.fastq_q5.bam.group	
5	188914075	188914872	5	188914473	188914474	BBM126_GCCAAT_L008_R1_001.fastq_q5.bam.group	
6	93566480	93778786	6	93672633	93672634	BBM126_GCCAAT_L008_R1_001.fastq_q5.bam.group	
8	11876918	11919164	8	11898041	11898042	BBM126_GCCAAT_L008_R1_001.fastq_q5.bam.group	
9	8427176	8428572	9	8427874	8427875	BBM126_GCCAAT_L008_R1_001.fastq_q5.bam.group	
10	136602174	136614678	10	136608426	136608427	BBM126_GCCAAT_L008_R1_001.fastq_q5.bam.group	
1	52327456	52334281	1	52330868	52330869	BBM127_GATCAG_L006_R1_001.fastq_q5.bam.group	
1	281662835	281662980	1	281662907	281662908	BBM127_GATCAG_L006_R1_001.fastq_q5.bam.group	
3	10842981	10879444	3	10861212	10861213	BBM127_GATCAG_L006_R1_001.fastq_q5.bam.group	
3	206683115	206683886	3	206683500	206683501	BBM127_GATCAG_L006_R1_001.fastq_q5.bam.group	
4	237116620	237144795	4	237130707	237130708	BBM127_GATCAG_L006_R1_001.fastq_q5.bam.group	
5	182436193	182438303	5	182437248	182437249	BBM127_GATCAG_L006_R1_001.fastq_q5.bam.group	
9	15425770	15436073	9	15430921	15430922	BBM127_GATCAG_L006_R1_001.fastq_q5.bam.group	
10	9598419	9598708	10	9598563	9598564	BBM127_GATCAG_L006_R1_001.fastq_q5.bam.group	
1	16469561	16470315	1	16469938	16469939	BBM129_TAGCTT_L006_R1_001.fastq_q5.bam.group	
1	195592882	195643921	1	195618401	195618402	BBM129_TAGCTT_L006_R1_001.fastq_q5.bam.group	
2	212549967	212550073	2	212550020	212550021	BBM129_TAGCTT_L006_R1_001.fastq_q5.bam.group	
3	202794085	202795832	3	202794958	202794959	BBM129_TAGCTT_L006_R1_001.fastq_q5.bam.group	
5	16318934	16319039	5	16318986	16318987	BBM129_TAGCTT_L006_R1_001.fastq_q5.bam.group	
6	142241901	143748794	6	142995347	142995348	BBM129_TAGCTT_L006_R1_001.fastq_q5.bam.group	
8	4453148	4453396	8	4453272	4453273	BBM129_TAGCTT_L006_R1_001.fastq_q5.bam.group	
8	11003803	11010426	8	11007114	11007115	BBM129_TAGCTT_L006_R1_001.fastq_q5.bam.group	
8	34413010	34413934	8	34413472	34413473	BBM129_TAGCTT_L006_R1_001.fastq_q5.bam.group	
10	145096810	145179468	10	145138139	145138140	BBM129_TAGCTT_L006_R1_001.fastq_q5.bam.group	
1	18640648	18641511	1	18641079	18641080	BBM131_GGCTAC_L006_R1_001.fastq_q5.bam.group	
1	70888457	70916123	1	70902290	70902291	BBM131_GGCTAC_L006_R1_001.fastq_q5.bam.group	
1	274418759	274419214	1	274418986	274418987	BBM131_GGCTAC_L006_R1_001.fastq_q5.bam.group	
2	226393720	226394077	2	226393898	226393899	BBM131_GGCTAC_L006_R1_001.fastq_q5.bam.group	
3	12526331	12554753	3	12540542	12540543	BBM131_GGCTAC_L006_R1_001.fastq_q5.bam.group	
3	132267413	132267476	3	132267444	132267445	BBM131_GGCTAC_L006_R1_001.fastq_q5.bam.group	
3	206192719	206196390	3	206194554	206194555	BBM131_GGCTAC_L006_R1_001.fastq_q5.bam.group	
5	168667082	168667402	5	168667242	168667243	BBM131_GGCTAC_L006_R1_001.fastq_q5.bam.group	
7	7452937	7453014	7	7452975	7452976	BBM131_GGCTAC_L006_R1_001.fastq_q5.bam.group	
8	21911745	21912012	8	21911878	21911879	BBM131_GGCTAC_L006_R1_001.fastq_q5.bam.group	
8	172097091	172204850	8	172150970	172150971	BBM131_GGCTAC_L006_R1_001.fastq_q5.bam.group	
9	16247455	16249567	9	16248511	16248512	BBM131_GGCTAC_L006_R1_001.fastq_q5.bam.group	
10	132171932	132236496	10	132204214	132204215	BBM131_GGCTAC_L006_R1_001.fastq_q5.bam.group	
1	203551672	281400069	1	242475870	242475871	BBM132_CAGATC_L008_R1_001.fastq_q5.bam.group	
1	289848166	289848747	1	289848456	289848457	BBM132_CAGATC_L008_R1_001.fastq_q5.bam.group	
2	9979937	9982112	2	9981024	9981025	BBM132_CAGATC_L008_R1_001.fastq_q5.bam.group	
3	7606150	7606822	3	7606486	7606487	BBM132_CAGATC_L008_R1_001.fastq_q5.bam.group	
3	158974189	158974360	3	158974274	158974275	BBM132_CAGATC_L008_R1_001.fastq_q5.bam.group	
4	191646072	191648330	4	191647201	191647202	BBM132_CAGATC_L008_R1_001.fastq_q5.bam.group	
5	6436281	6442155	5	6439218	6439219	BBM132_CAGATC_L008_R1_001.fastq_q5.bam.group	
7	161121948	161126366	7	161124157	161124158	BBM132_CAGATC_L008_R1_001.fastq_q5.bam.group	
8	15468043	15472042	8	15470042	15470043	BBM132_CAGATC_L008_R1_001.fastq_q5.bam.group	
8	160107010	160600220	8	160353615	160353616	BBM132_CAGATC_L008_R1_001.fastq_q5.bam.group	
9	138436718	138442699	9	138439708	138439709	BBM132_CAGATC_L008_R1_001.fastq_q5.bam.group	
10	124094013	124094594	10	124094303	124094304	BBM132_CAGATC_L008_R1_001.fastq_q5.bam.group	
1	80695955	80696983	1	80696469	80696470	BBM133_CGATGT_L006_R1_001.fastq_q5.bam.group	
1	289847008	289847161	1	289847084	289847085	BBM133_CGATGT_L006_R1_001.fastq_q5.bam.group	
2	225834099	225834328	2	225834213	225834214	BBM133_CGATGT_L006_R1_001.fastq_q5.bam.group	
4	14386166	14386195	4	14386180	14386181	BBM133_CGATGT_L006_R1_001.fastq_q5.bam.group	
6	97372918	97379933	6	97376425	97376426	BBM133_CGATGT_L006_R1_001.fastq_q5.bam.group	
7	10552445	10552986	7	10552715	10552716	BBM133_CGATGT_L006_R1_001.fastq_q5.bam.group	
7	172471653	172870005	7	172670829	172670830	BBM133_CGATGT_L006_R1_001.fastq_q5.bam.group	
8	159929295	160105895	8	160017595	160017596	BBM133_CGATGT_L006_R1_001.fastq_q5.bam.group	
9	18332317	18332691	9	18332504	18332505	BBM133_CGATGT_L006_R1_001.fastq_q5.bam.group	
9	142927572	142929519	9	142928545	142928546	BBM133_CGATGT_L006_R1_001.fastq_q5.bam.group	
10	574735	593212	10	583973	583974	BBM133_CGATGT_L006_R1_001.fastq_q5.bam.group	
10	136879083	136879241	10	136879162	136879163	BBM133_CGATGT_L006_R1_001.fastq_q5.bam.group	
2	5865394	5873788	2	5869591	5869592	BBM134_TGACCA_L006_R1_001.fastq_q5.bam.group	
3	3550935	3551063	3	3550999	3551000	BBM134_TGACCA_L006_R1_001.fastq_q5.bam.group	
3	176818409	176868342	3	176843375	176843376	BBM134_TGACCA_L006_R1_001.fastq_q5.bam.group	
4	161041926	166871500	4	163956713	163956714	BBM134_TGACCA_L006_R1_001.fastq_q5.bam.group	
5	11914984	11920549	5	11917766	11917767	BBM134_TGACCA_L006_R1_001.fastq_q5.bam.group	
6	158296030	158296124	6	158296077	158296078	BBM134_TGACCA_L006_R1_001.fastq_q5.bam.group	
8	131354451	131392985	8	131373718	131373719	BBM134_TGACCA_L006_R1_001.fastq_q5.bam.group	
9	121578934	121579572	9	121579253	121579254	BBM134_TGACCA_L006_R1_001.fastq_q5.bam.group	
10	6603932	6608393	10	6606162	6606163	BBM134_TGACCA_L006_R1_001.fastq_q5.bam.group	
2	144073719	144074466	2	144074092	144074093	BBM135_ACAGTG_L006_R1_001.fastq_q5.bam.group	
3	205395337	205398715	3	205397026	205397027	BBM135_ACAGTG_L006_R1_001.fastq_q5.bam.group	
6	131488575	131496702	6	131492638	131492639	BBM135_ACAGTG_L006_R1_001.fastq_q5.bam.group	
7	6065283	6065727	7	6065505	6065506	BBM135_ACAGTG_L006_R1_001.fastq_q5.bam.group	
8	5329959	5330085	8	5330022	5330023	BBM135_ACAGTG_L006_R1_001.fastq_q5.bam.group	
10	5950886	5987650	10	5969268	5969269	BBM135_ACAGTG_L006_R1_001.fastq_q5.bam.group	
1	39399955	113867205	1	76633580	76633581	BBM136_CTTGTA_L008_R1_001.fastq_q5.bam.group	
1	268335096	268335201	1	268335148	268335149	BBM136_CTTGTA_L008_R1_001.fastq_q5.bam.group	
3	22681214	22718974	3	22700094	22700095	BBM136_CTTGTA_L008_R1_001.fastq_q5.bam.group	
3	172051272	172127937	3	172089604	172089605	BBM136_CTTGTA_L008_R1_001.fastq_q5.bam.group	
3	206684567	206684918	3	206684742	206684743	BBM136_CTTGTA_L008_R1_001.fastq_q5.bam.group	
4	4801109	4801153	4	4801131	4801132	BBM136_CTTGTA_L008_R1_001.fastq_q5.bam.group	
5	76213446	76217233	5	76215339	76215340	BBM136_CTTGTA_L008_R1_001.fastq_q5.bam.group	
6	158455203	158457383	6	158456293	158456294	BBM136_CTTGTA_L008_R1_001.fastq_q5.bam.group	
10	525012	539588	10	532300	532301	BBM136_CTTGTA_L008_R1_001.fastq_q5.bam.group	
10	7131638	7132386	10	7132012	7132013	BBM136_CTTGTA_L008_R1_001.fastq_q5.bam.group	
2	15892672	15892733	2	15892702	15892703	BBM137_GCCAAT_L006_R1_001.fastq_q5.bam.group	
3	15238713	15238901	3	15238807	15238808	BBM137_GCCAAT_L006_R1_001.fastq_q5.bam.group	
3	207735201	208029145	3	207882173	207882174	BBM137_GCCAAT_L006_R1_001.fastq_q5.bam.group	
7	1313730	1314147	7	1313938	1313939	BBM137_GCCAAT_L006_R1_001.fastq_q5.bam.group	
9	151369401	151914518	9	151641959	151641960	BBM137_GCCAAT_L006_R1_001.fastq_q5.bam.group	
9	8457102	8457134	9	8457118	8457119	BBM137_GCCAAT_L006_R1_001.fastq_q5.bam.group	
10	139226382	139228621	10	139227501	139227502	BBM137_GCCAAT_L006_R1_001.fastq_q5.bam.group	
2	20926108	20955449	2	20940778	20940779	BBM138_CAGATC_L006_R1_001.fastq_q5.bam.group	
4	174850313	174850406	4	174850359	174850360	BBM138_CAGATC_L006_R1_001.fastq_q5.bam.group	
5	62082399	62085871	5	62084135	62084136	BBM138_CAGATC_L006_R1_001.fastq_q5.bam.group	
8	169067144	169067234	8	169067189	169067190	BBM138_CAGATC_L006_R1_001.fastq_q5.bam.group	
9	145347117	145347300	9	145347208	145347209	BBM138_CAGATC_L006_R1_001.fastq_q5.bam.group	
1	70748044	70751233	1	70749638	70749639	BBM139_CTTGTA_L006_R1_001.fastq_q5.bam.group	
3	186205798	186214003	3	186209900	186209901	BBM139_CTTGTA_L006_R1_001.fastq_q5.bam.group	
4	31704847	31711936	4	31708391	31708392	BBM139_CTTGTA_L006_R1_001.fastq_q5.bam.group	
5	17985226	17998638	5	17991932	17991933	BBM139_CTTGTA_L006_R1_001.fastq_q5.bam.group	
9	9303344	9303557	9	9303450	9303451	BBM139_CTTGTA_L006_R1_001.fastq_q5.bam.group	
9	151369397	151914518	9	151641957	151641958	BBM139_CTTGTA_L006_R1_001.fastq_q5.bam.group	
10	16128946	16141057	10	16135001	16135002	BBM139_CTTGTA_L006_R1_001.fastq_q5.bam.group	
2	44345800	44374565	2	44360182	44360183	BBM140_ATCACG_L007_R1_001.fastq	
7	161439045	161439140	7	161439092	161439093	BBM140_ATCACG_L007_R1_001.fastq	
8	71788468	71822251	8	71805359	71805360	BBM140_ATCACG_L007_R1_001.fastq	
9	11746143	11746743	9	11746443	11746444	BBM140_ATCACG_L007_R1_001.fastq	
10	145019462	145023941	10	145021701	145021702	BBM140_ATCACG_L007_R1_001.fastq	
2	13288113	13288216	2	13288164	13288165	BBM141_TTAGGC_L007_R1_001.fastq_q5.bam.group	
2	222206290	222210344	2	222208317	222208318	BBM141_TTAGGC_L007_R1_001.fastq_q5.bam.group	
4	173295060	173905899	4	173600479	173600480	BBM141_TTAGGC_L007_R1_001.fastq_q5.bam.group	
5	15445628	15446104	5	15445866	15445867	BBM141_TTAGGC_L007_R1_001.fastq_q5.bam.group	
6	150074175	151583327	6	150828751	150828752	BBM141_TTAGGC_L007_R1_001.fastq_q5.bam.group	
7	9311327	9323754	7	9317540	9317541	BBM141_TTAGGC_L007_R1_001.fastq_q5.bam.group	
7	157440648	157442136	7	157441392	157441393	BBM141_TTAGGC_L007_R1_001.fastq_q5.bam.group	
9	11734942	11735080	9	11735011	11735012	BBM141_TTAGGC_L007_R1_001.fastq_q5.bam.group	
3	9239522	9240847	3	9240184	9240185	BBM142_ACTTGA_L007_R1_001.fastq	
3	176879057	176881014	3	176880035	176880036	BBM142_ACTTGA_L007_R1_001.fastq	
10	132170951	132171626	10	132171288	132171289	BBM142_ACTTGA_L007_R1_001.fastq	
1	24778945	24786012	1	24782478	24782479	BBM143_GATCAG_L007_R1_001.fastq_q5.bam.group	
3	12533457	12554753	3	12544105	12544106	BBM143_GATCAG_L007_R1_001.fastq_q5.bam.group	
4	143719908	143721769	4	143720838	143720839	BBM143_GATCAG_L007_R1_001.fastq_q5.bam.group	
6	163350791	163402513	6	163376652	163376653	BBM143_GATCAG_L007_R1_001.fastq_q5.bam.group	
8	97284012	97339074	8	97311543	97311544	BBM143_GATCAG_L007_R1_001.fastq_q5.bam.group	
9	146266172	146276321	9	146271246	146271247	BBM143_GATCAG_L007_R1_001.fastq_q5.bam.group	
1	15270267	15272367	1	15271317	15271318	BBM144_TAGCTT_L007_R1_001.fastq_q5.bam.group	
1	55123538	55158030	1	55140784	55140785	BBM144_TAGCTT_L007_R1_001.fastq_q5.bam.group	
2	220064766	220087204	2	220075985	220075986	BBM144_TAGCTT_L007_R1_001.fastq_q5.bam.group	
3	8304000	8316916	3	8310458	8310459	BBM144_TAGCTT_L007_R1_001.fastq_q5.bam.group	
5	168521266	168521907	5	168521586	168521587	BBM144_TAGCTT_L007_R1_001.fastq_q5.bam.group	
6	152645303	154669185	6	153657244	153657245	BBM144_TAGCTT_L007_R1_001.fastq_q5.bam.group	
8	12935453	12981731	8	12958592	12958593	BBM144_TAGCTT_L007_R1_001.fastq_q5.bam.group	
9	1443950	1444348	9	1444149	1444150	BBM144_TAGCTT_L007_R1_001.fastq_q5.bam.group	
9	140348468	140350089	9	140349278	140349279	BBM144_TAGCTT_L007_R1_001.fastq_q5.bam.group	
1	217342174	217342243	1	217342208	217342209	BBM145_GGCTAC_L007_R1_001.fastq_q5.bam.group	
1	254245280	254247790	1	254246535	254246536	BBM145_GGCTAC_L007_R1_001.fastq_q5.bam.group	
3	8304000	8316916	3	8310458	8310459	BBM145_GGCTAC_L007_R1_001.fastq_q5.bam.group	
3	168760038	168970954	3	168865496	168865497	BBM145_GGCTAC_L007_R1_001.fastq_q5.bam.group	
4	35343705	35347913	4	35345809	35345810	BBM145_GGCTAC_L007_R1_001.fastq_q5.bam.group	
5	11690347	11690388	5	11690367	11690368	BBM145_GGCTAC_L007_R1_001.fastq_q5.bam.group	
6	156495086	156589229	6	156542157	156542158	BBM145_GGCTAC_L007_R1_001.fastq_q5.bam.group	
8	22360706	22361310	8	22361008	22361009	BBM145_GGCTAC_L007_R1_001.fastq_q5.bam.group	
10	99585517	99585895	10	99585706	99585707	BBM145_GGCTAC_L007_R1_001.fastq_q5.bam.group	
1	53008416	53017743	1	53013079	53013080	BBM146_CGATGT_L007_R1_001.fastq_q5.bam.group	
1	203551672	280618742	1	242085207	242085208	BBM146_CGATGT_L007_R1_001.fastq_q5.bam.group	
1	289237595	289237840	1	289237717	289237718	BBM146_CGATGT_L007_R1_001.fastq_q5.bam.group	
3	12529265	12532911	3	12531088	12531089	BBM146_CGATGT_L007_R1_001.fastq_q5.bam.group	
3	179328075	179329419	3	179328747	179328748	BBM146_CGATGT_L007_R1_001.fastq_q5.bam.group	
6	112434398	112434529	6	112434463	112434464	BBM146_CGATGT_L007_R1_001.fastq_q5.bam.group	
6	129965937	129966224	6	129966080	129966081	BBM146_CGATGT_L007_R1_001.fastq_q5.bam.group	
7	165257456	165297116	7	165277286	165277287	BBM146_CGATGT_L007_R1_001.fastq_q5.bam.group	
8	8303628	8303916	8	8303772	8303773	BBM146_CGATGT_L007_R1_001.fastq_q5.bam.group	
9	151251149	151252087	9	151251618	151251619	BBM146_CGATGT_L007_R1_001.fastq_q5.bam.group	
10	142798674	142798729	10	142798701	142798702	BBM146_CGATGT_L007_R1_001.fastq_q5.bam.group	
1	2239328	6038070	1	4138699	4138700	BBM147_TGACCA_L007_R1_001.fastq_q5.bam.group	
1	265436433	265437473	1	265436953	265436954	BBM147_TGACCA_L007_R1_001.fastq_q5.bam.group	
2	45202620	45204536	2	45203578	45203579	BBM147_TGACCA_L007_R1_001.fastq_q5.bam.group	
4	2604926	2607335	4	2606130	2606131	BBM147_TGACCA_L007_R1_001.fastq_q5.bam.group	
7	156119059	156119335	7	156119197	156119198	BBM147_TGACCA_L007_R1_001.fastq_q5.bam.group	
1	285124364	285124505	1	285124434	285124435	BBM148_ACAGTG_L007_R1_001.fastq_q5.bam.group	
2	205799675	205802881	2	205801278	205801279	BBM148_ACAGTG_L007_R1_001.fastq_q5.bam.group	
3	2626773	2627452	3	2627112	2627113	BBM148_ACAGTG_L007_R1_001.fastq_q5.bam.group	
4	19421895	19422201	4	19422048	19422049	BBM148_ACAGTG_L007_R1_001.fastq_q5.bam.group	
4	157779892	157838491	4	157809191	157809192	BBM148_ACAGTG_L007_R1_001.fastq_q5.bam.group	
5	17985226	17998638	5	17991932	17991933	BBM148_ACAGTG_L007_R1_001.fastq_q5.bam.group	
7	25816223	25816524	7	25816373	25816374	BBM148_ACAGTG_L007_R1_001.fastq_q5.bam.group	
8	5315893	5316185	8	5316039	5316040	BBM148_ACAGTG_L007_R1_001.fastq_q5.bam.group	
8	170706201	170706312	8	170706256	170706257	BBM148_ACAGTG_L007_R1_001.fastq_q5.bam.group	
9	147802330	147802450	9	147802390	147802391	BBM148_ACAGTG_L007_R1_001.fastq_q5.bam.group	
9	2261628	2379767	9	2320697	2320698	BBM148_ACAGTG_L007_R1_001.fastq_q5.bam.group	
1	15035408	15067154	1	15051281	15051282	BBM149_GCCAAT_L007_R1_001.fastq_q5.bam.group	
1	156209759	156210035	1	156209897	156209898	BBM149_GCCAAT_L007_R1_001.fastq_q5.bam.group	
3	166202026	166202373	3	166202199	166202200	BBM149_GCCAAT_L007_R1_001.fastq_q5.bam.group	
4	187078597	187248801	4	187163699	187163700	BBM149_GCCAAT_L007_R1_001.fastq_q5.bam.group	
5	175249614	175285367	5	175267490	175267491	BBM149_GCCAAT_L007_R1_001.fastq_q5.bam.group	
8	26104071	26104187	8	26104129	26104130	BBM149_GCCAAT_L007_R1_001.fastq_q5.bam.group	
10	140976547	140976650	10	140976598	140976599	BBM149_GCCAAT_L007_R1_001.fastq_q5.bam.group	
10	148427862	148431586	10	148429724	148429725	BBM149_GCCAAT_L007_R1_001.fastq_q5.bam.group	
1	6926607	6926741	1	6926674	6926675	BBM150_CAGATC_L007_R1_001.fastq_q5.bam.group	
1	51399258	51674718	1	51536988	51536989	BBM150_CAGATC_L007_R1_001.fastq_q5.bam.group	
4	6238205	6240271	4	6239238	6239239	BBM150_CAGATC_L007_R1_001.fastq_q5.bam.group	
4	197254047	198153522	4	197703784	197703785	BBM150_CAGATC_L007_R1_001.fastq_q5.bam.group	
5	5246144	5246198	5	5246171	5246172	BBM150_CAGATC_L007_R1_001.fastq_q5.bam.group	
7	6098281	6121686	7	6109983	6109984	BBM150_CAGATC_L007_R1_001.fastq_q5.bam.group	
9	13364994	13368317	9	13366655	13366656	BBM150_CAGATC_L007_R1_001.fastq_q5.bam.group	
9	150316353	150317859	9	150317106	150317107	BBM150_CAGATC_L007_R1_001.fastq_q5.bam.group	
1	242900077	242918034	1	242909055	242909056	BBM151_CTTGTA_L007_R1_001.fastq_q5.bam.group	
2	13447674	13452710	2	13450192	13450193	BBM151_CTTGTA_L007_R1_001.fastq_q5.bam.group	
3	183864480	183868461	3	183866470	183866471	BBM151_CTTGTA_L007_R1_001.fastq_q5.bam.group	
4	13947498	13948378	4	13947938	13947939	BBM151_CTTGTA_L007_R1_001.fastq_q5.bam.group	
5	7130410	7133129	5	7131769	7131770	BBM151_CTTGTA_L007_R1_001.fastq_q5.bam.group	
6	106319829	106323423	6	106321626	106321627	BBM151_CTTGTA_L007_R1_001.fastq_q5.bam.group	
7	125538237	125538304	7	125538270	125538271	BBM151_CTTGTA_L007_R1_001.fastq_q5.bam.group	
9	17083805	17085325	9	17084565	17084566	BBM151_CTTGTA_L007_R1_001.fastq_q5.bam.group	
10	8849526	8850081	10	8849803	8849804	BBM151_CTTGTA_L007_R1_001.fastq_q5.bam.group	
3	18888048	19391513	3	19139780	19139781	BBM152_ATCACG_L008_R1_001.fastq_q5.bam.group	
3	165460139	165462036	3	165461087	165461088	BBM152_ATCACG_L008_R1_001.fastq_q5.bam.group	
5	167686754	167780038	5	167733396	167733397	BBM152_ATCACG_L008_R1_001.fastq_q5.bam.group	
6	69020884	69042043	6	69031463	69031464	BBM152_ATCACG_L008_R1_001.fastq_q5.bam.group	
6	154694636	154695842	6	154695239	154695240	BBM152_ATCACG_L008_R1_001.fastq_q5.bam.group	
8	8615435	8616381	8	8615908	8615909	BBM152_ATCACG_L008_R1_001.fastq_q5.bam.group	
8	165716608	165843558	8	165780083	165780084	BBM152_ATCACG_L008_R1_001.fastq_q5.bam.group	
10	4750143	4751155	10	4750649	4750650	BBM152_ATCACG_L008_R1_001.fastq_q5.bam.group	
1	242833981	242900077	1	242867029	242867030	BBM153_TTAGGC_L008_R1_001.fastq_q5.bam.group	
3	136865787	136904595	3	136885191	136885192	BBM153_TTAGGC_L008_R1_001.fastq_q5.bam.group	
3	196203045	196203383	3	196203214	196203215	BBM153_TTAGGC_L008_R1_001.fastq_q5.bam.group	
7	158236750	158237490	7	158237120	158237121	BBM153_TTAGGC_L008_R1_001.fastq_q5.bam.group	
8	25064265	25116487	8	25090376	25090377	BBM153_TTAGGC_L008_R1_001.fastq_q5.bam.group	
8	169666980	169667198	8	169667089	169667090	BBM153_TTAGGC_L008_R1_001.fastq_q5.bam.group	
9	2257899	2259008	9	2258453	2258454	BBM153_TTAGGC_L008_R1_001.fastq_q5.bam.group	
10	6045032	6045635	10	6045333	6045334	BBM153_TTAGGC_L008_R1_001.fastq_q5.bam.group	
10	139122452	139123401	10	139122926	139122927	BBM153_TTAGGC_L008_R1_001.fastq_q5.bam.group	
1	12362024	12362746	1	12362385	12362386	BBM154_ACTTGA_L008_R1_001.fastq_q5.bam.group	
1	18595317	211265586	1	114930451	114930452	BBM154_ACTTGA_L008_R1_001.fastq_q5.bam.group	
1	287585088	287585508	1	287585298	287585299	BBM154_ACTTGA_L008_R1_001.fastq_q5.bam.group	
2	233629065	233630206	2	233629635	233629636	BBM154_ACTTGA_L008_R1_001.fastq_q5.bam.group	
5	37809667	37821710	5	37815688	37815689	BBM154_ACTTGA_L008_R1_001.fastq_q5.bam.group	
7	169081997	169082152	7	169082074	169082075	BBM154_ACTTGA_L008_R1_001.fastq_q5.bam.group	
10	16215809	16215930	10	16215869	16215870	BBM154_ACTTGA_L008_R1_001.fastq_q5.bam.group	
1	256471854	256472192	1	256472023	256472024	BBM155_GATCAG_L008_R1_001.fastq_q5.bam.group	
2	3578674	3580232	2	3579453	3579454	BBM155_GATCAG_L008_R1_001.fastq_q5.bam.group	
2	199553062	199553582	2	199553322	199553323	BBM155_GATCAG_L008_R1_001.fastq_q5.bam.group	
5	92802553	92805648	5	92804100	92804101	BBM155_GATCAG_L008_R1_001.fastq_q5.bam.group	
6	145502305	145718984	6	145610644	145610645	BBM155_GATCAG_L008_R1_001.fastq_q5.bam.group	
8	5818854	5818959	8	5818906	5818907	BBM156_TAGCTT_L008_R1_001.fastq_q5.bam.group	
1	295198114	295198959	1	295198536	295198537	BBM157_GGCTAC_L008_R1_001.fastq_q5.bam.group	
2	154370637	154376125	2	154373381	154373382	BBM157_GGCTAC_L008_R1_001.fastq_q5.bam.group	
4	28351303	28354796	4	28353049	28353050	BBM157_GGCTAC_L008_R1_001.fastq_q5.bam.group	
5	70907565	70925759	5	70916662	70916663	BBM157_GGCTAC_L008_R1_001.fastq_q5.bam.group	
6	152645303	154669185	6	153657244	153657245	BBM157_GGCTAC_L008_R1_001.fastq_q5.bam.group	
7	151086961	151088385	7	151087673	151087674	BBM157_GGCTAC_L008_R1_001.fastq_q5.bam.group	
8	17068839	17069371	8	17069105	17069106	BBM157_GGCTAC_L008_R1_001.fastq_q5.bam.group	
8	170121185	170122127	8	170121656	170121657	BBM157_GGCTAC_L008_R1_001.fastq_q5.bam.group	
9	16226964	16247033	9	16236998	16236999	BBM157_GGCTAC_L008_R1_001.fastq_q5.bam.group	
10	146965056	146965374	10	146965215	146965216	BBM157_GGCTAC_L008_R1_001.fastq_q5.bam.group	
1	174285977	174286211	1	174286094	174286095	BBM19_bowtie2.bam_q5.bam.group	
1	291920591	291922532	1	291921561	291921562	BBM19_bowtie2.bam_q5.bam.group	
2	16740980	16770788	2	16755884	16755885	BBM19_bowtie2.bam_q5.bam.group	
2	60836256	60871369	2	60853812	60853813	BBM19_bowtie2.bam_q5.bam.group	
3	9433112	9434639	3	9433875	9433876	BBM19_bowtie2.bam_q5.bam.group	
4	167021001	167022815	4	167021908	167021909	BBM19_bowtie2.bam_q5.bam.group	
5	13800303	13801914	5	13801108	13801109	BBM19_bowtie2.bam_q5.bam.group	
6	35408289	36089295	6	35748792	35748793	BBM19_bowtie2.bam_q5.bam.group	
10	97754814	97755122	10	97754968	97754969	BBM19_bowtie2.bam_q5.bam.group	
5	33495176	33567436	5	33531306	33531307	BBM2_bowtie2.bam_q5.bam.group	
5	186878109	186923050	5	186900579	186900580	BBM2_bowtie2.bam_q5.bam.group	
6	163405308	163421201	6	163413254	163413255	BBM2_bowtie2.bam_q5.bam.group	
8	166625898	166626095	8	166625996	166625997	BBM2_bowtie2.bam_q5.bam.group	
9	151369397	151914518	9	151641957	151641958	BBM2_bowtie2.bam_q5.bam.group	
10	4749126	4749761	10	4749443	4749444	BBM2_bowtie2.bam_q5.bam.group	
10	133369567	133370110	10	133369838	133369839	BBM2_bowtie2.bam_q5.bam.group	
1	257956900	257969958	1	257963429	257963430	BBM20_bowtie2.bam_q5.bam.group	
3	173516608	173523070	3	173519839	173519840	BBM20_bowtie2.bam_q5.bam.group	
5	175181035	175181814	5	175181424	175181425	BBM20_bowtie2.bam_q5.bam.group	
6	110828198	111049178	6	110938688	110938689	BBM20_bowtie2.bam_q5.bam.group	
6	159497075	163293304	6	161395189	161395190	BBM20_bowtie2.bam_q5.bam.group	
9	10805569	10805896	9	10805732	10805733	BBM20_bowtie2.bam_q5.bam.group	
9	134564472	134567763	9	134566117	134566118	BBM20_bowtie2.bam_q5.bam.group	
10	7044158	7101945	10	7073051	7073052	BBM20_bowtie2.bam_q5.bam.group	
1	211864396	216295932	1	214080164	214080165	BBM21_bowtie2.bam_q5.bam.group	
2	27202164	27548248	2	27375206	27375207	BBM21_bowtie2.bam_q5.bam.group	
3	210996115	211343438	3	211169776	211169777	BBM21_bowtie2.bam_q5.bam.group	
5	7688186	7688351	5	7688268	7688269	BBM21_bowtie2.bam_q5.bam.group	
5	195419973	195433831	5	195426902	195426903	BBM21_bowtie2.bam_q5.bam.group	
7	5614323	5638423	7	5626373	5626374	BBM21_bowtie2.bam_q5.bam.group	
8	12849169	12849480	8	12849324	12849325	BBM21_bowtie2.bam_q5.bam.group	
2	209584662	209627555	2	209606108	209606109	BBM22_bowtie2_q5.bam.group	
3	6861933	7122785	3	6992359	6992360	BBM22_bowtie2_q5.bam.group	
3	184850230	184851966	3	184851098	184851099	BBM22_bowtie2_q5.bam.group	
6	111049178	111139909	6	111094543	111094544	BBM22_bowtie2_q5.bam.group	
7	152645303	154669185	7	153657244	153657245	BBM22_bowtie2_q5.bam.group	
8	14076226	14077044	8	14076635	14076636	BBM22_bowtie2_q5.bam.group	
1	203551038	203551410	1	203551224	203551225	BBM23_bowtie2.bam_q5.bam.group	
2	175725240	175727423	2	175726331	175726332	BBM23_bowtie2.bam_q5.bam.group	
3	12606818	12611868	3	12609343	12609344	BBM23_bowtie2.bam_q5.bam.group	
3	150029828	150030059	3	150029943	150029944	BBM23_bowtie2.bam_q5.bam.group	
7	92323574	92327458	7	92325516	92325517	BBM23_bowtie2.bam_q5.bam.group	
7	165301200	165301249	7	165301224	165301225	BBM23_bowtie2.bam_q5.bam.group	
1	7993709	7994561	1	7994135	7994136	BBM24_bowtie2.bam_q5.bam.group	
1	98838531	98841176	1	98839853	98839854	BBM24_bowtie2.bam_q5.bam.group	
1	264388293	264530614	1	264459453	264459454	BBM24_bowtie2.bam_q5.bam.group	
2	6188923	6190336	2	6189629	6189630	BBM24_bowtie2.bam_q5.bam.group	
2	168565204	168574556	2	168569880	168569881	BBM24_bowtie2.bam_q5.bam.group	
2	211498148	211499093	2	211498620	211498621	BBM24_bowtie2.bam_q5.bam.group	
3	22387587	22387774	3	22387680	22387681	BBM24_bowtie2.bam_q5.bam.group	
3	173477830	173478067	3	173477948	173477949	BBM24_bowtie2.bam_q5.bam.group	
7	125786967	125787377	7	125787172	125787173	BBM24_bowtie2.bam_q5.bam.group	
7	133364981	133370997	7	133367989	133367990	BBM24_bowtie2.bam_q5.bam.group	
8	102489509	102528586	8	102509047	102509048	BBM24_bowtie2.bam_q5.bam.group	
8	172354608	172358679	8	172356643	172356644	BBM24_bowtie2.bam_q5.bam.group	
10	141820501	141820957	10	141820729	141820730	BBM24_bowtie2.bam_q5.bam.group	
1	51580104	51698154	1	51639129	51639130	BBM25_bowtie2.bam_q5.bam.group	
1	253160811	253191266	1	253176038	253176039	BBM25_bowtie2.bam_q5.bam.group	
2	144078223	144110780	2	144094501	144094502	BBM25_bowtie2.bam_q5.bam.group	
2	225409638	225438918	2	225424278	225424279	BBM25_bowtie2.bam_q5.bam.group	
3	2630058	2630277	3	2630167	2630168	BBM25_bowtie2.bam_q5.bam.group	
3	186141805	186142252	3	186142028	186142029	BBM25_bowtie2.bam_q5.bam.group	
5	195404561	195433831	5	195419196	195419197	BBM25_bowtie2.bam_q5.bam.group	
8	11198935	11201177	8	11200056	11200057	BBM25_bowtie2.bam_q5.bam.group	
1	224373936	224374085	1	224374010	224374011	BBM26_bowtie2.bam_q5.bam.group	
1	273377254	273387104	1	273382179	273382180	BBM26_bowtie2.bam_q5.bam.group	
2	198891485	198891769	2	198891627	198891628	BBM26_bowtie2.bam_q5.bam.group	
3	182484584	182501042	3	182492813	182492814	BBM26_bowtie2.bam_q5.bam.group	
3	212616326	228946158	3	220781242	220781243	BBM26_bowtie2.bam_q5.bam.group	
4	4969166	4998575	4	4983870	4983871	BBM26_bowtie2.bam_q5.bam.group	
4	56969926	56970340	4	56970133	56970134	BBM26_bowtie2.bam_q5.bam.group	
7	3085029	3085634	7	3085331	3085332	BBM26_bowtie2.bam_q5.bam.group	
9	7868910	7869216	9	7869063	7869064	BBM26_bowtie2.bam_q5.bam.group	
9	149034741	149034982	9	149034861	149034862	BBM26_bowtie2.bam_q5.bam.group	
10	145179468	145185943	10	145182705	145182706	BBM26_bowtie2.bam_q5.bam.group	
2	232367477	232367857	2	232367667	232367668	BBM27_bowtie2.bam_q5.bam.group	
5	7242999	7246363	5	7244681	7244682	BBM27_bowtie2.bam_q5.bam.group	
5	195419973	195433831	5	195426902	195426903	BBM27_bowtie2.bam_q5.bam.group	
6	152645303	154669185	6	153657244	153657245	BBM27_bowtie2.bam_q5.bam.group	
7	5614323	5638423	7	5626373	5626374	BBM27_bowtie2.bam_q5.bam.group	
9	133885835	133886984	9	133886409	133886410	BBM27_bowtie2.bam_q5.bam.group	
10	147200773	147201036	10	147200904	147200905	BBM27_bowtie2.bam_q5.bam.group	
3	14038211	14038474	3	14038342	14038343	BBM28_bowtie2_q5.bam.group	
4	167021001	167022815	4	167021908	167021909	BBM28_bowtie2_q5.bam.group	
7	169078424	169081847	7	169080135	169080136	BBM28_bowtie2_q5.bam.group	
9	137495354	137495703	9	137495528	137495529	BBM28_bowtie2_q5.bam.group	
1	242900077	242918034	1	242909055	242909056	BBM29_bowtie2.bam_q5.bam.group	
2	7315746	7323128	2	7319437	7319438	BBM29_bowtie2.bam_q5.bam.group	
3	195751034	195752795	3	195751914	195751915	BBM29_bowtie2.bam_q5.bam.group	
4	19184315	19184623	4	19184469	19184470	BBM29_bowtie2.bam_q5.bam.group	
4	236431781	236483493	4	236457637	236457638	BBM29_bowtie2.bam_q5.bam.group	
6	74185110	98403549	6	86294329	86294330	BBM29_bowtie2.bam_q5.bam.group	
6	154728481	156458362	6	155593421	155593422	BBM29_bowtie2.bam_q5.bam.group	
7	171136583	172214735	7	171675659	171675660	BBM29_bowtie2.bam_q5.bam.group	
9	129185455	129186069	9	129185762	129185763	BBM29_bowtie2.bam_q5.bam.group	
9	9608262	9611657	9	9609959	9609960	BBM29_bowtie2.bam_q5.bam.group	
9	147982570	147983348	9	147982959	147982960	BBM29_bowtie2.bam_q5.bam.group	
10	4751776	4752449	10	4752112	4752113	BBM29_bowtie2.bam_q5.bam.group	
2	219711911	219724789	2	219718350	219718351	BBM3_bowtie2.bam_q5.bam.group	
3	4655074	4655595	3	4655334	4655335	BBM3_bowtie2.bam_q5.bam.group	
7	22530552	22531678	7	22531115	22531116	BBM3_bowtie2.bam_q5.bam.group	
7	168107724	168108556	7	168108140	168108141	BBM3_bowtie2.bam_q5.bam.group	
8	22831147	22835169	8	22833158	22833159	BBM3_bowtie2.bam_q5.bam.group	
4	31576107	31577535	4	31576821	31576822	BBM30_bowtie2.bam_q5.bam.group	
6	30168505	30187222	6	30177863	30177864	BBM30_bowtie2.bam_q5.bam.group	
6	111049178	111139909	6	111094543	111094544	BBM30_bowtie2.bam_q5.bam.group	
7	147119309	147119409	7	147119359	147119360	BBM30_bowtie2.bam_q5.bam.group	
8	16756626	16758733	8	16757679	16757680	BBM30_bowtie2.bam_q5.bam.group	
9	39394367	39394397	9	39394382	39394383	BBM30_bowtie2.bam_q5.bam.group	
1	12322554	12355605	1	12339079	12339080	BBM31_bowtie2.bam_q5.bam.group	
1	211864396	216295932	1	214080164	214080165	BBM31_bowtie2.bam_q5.bam.group	
1	265343681	265449519	1	265396600	265396601	BBM31_bowtie2.bam_q5.bam.group	
2	9266806	9267201	2	9267003	9267004	BBM31_bowtie2.bam_q5.bam.group	
6	103129520	103129734	6	103129627	103129628	BBM31_bowtie2.bam_q5.bam.group	
6	159497075	163293304	6	161395189	161395190	BBM31_bowtie2.bam_q5.bam.group	
7	130903507	130903562	7	130903534	130903535	BBM31_bowtie2.bam_q5.bam.group	
7	160255499	160255760	7	160255629	160255630	BBM31_bowtie2.bam_q5.bam.group	
8	854242	869445	8	861843	861844	BBM31_bowtie2.bam_q5.bam.group	
9	11164785	11166240	9	11165512	11165513	BBM31_bowtie2.bam_q5.bam.group	
10	7113074	7113288	10	7113181	7113182	BBM31_bowtie2.bam_q5.bam.group	
3	47166987	47167275	3	47167131	47167132	BBM32_bowtie2.bam_q5.bam.group	
3	136129618	136420916	3	136275267	136275268	BBM32_bowtie2.bam_q5.bam.group	
5	174154698	174155145	5	174154921	174154922	BBM32_bowtie2.bam_q5.bam.group	
6	159212406	159219896	6	159216151	159216152	BBM32_bowtie2.bam_q5.bam.group	
8	94577787	94578530	8	94578158	94578159	BBM32_bowtie2.bam_q5.bam.group	
10	10613608	10614616	10	10614112	10614113	BBM32_bowtie2.bam_q5.bam.group	
10	139194530	139226382	10	139210456	139210457	BBM32_bowtie2.bam_q5.bam.group	
1	253060487	253063937	1	253062212	253062213	BBM33_bowtie2.bam_q5.bam.group	
2	5714864	5721406	2	5718135	5718136	BBM33_bowtie2.bam_q5.bam.group	
2	34814306	38549753	2	36682029	36682030	BBM33_bowtie2.bam_q5.bam.group	
2	202351518	202365461	2	202358489	202358490	BBM33_bowtie2.bam_q5.bam.group	
3	50431480	51003629	3	50717554	50717555	BBM33_bowtie2.bam_q5.bam.group	
3	186116541	186139013	3	186127777	186127778	BBM33_bowtie2.bam_q5.bam.group	
4	180202911	180203364	4	180203137	180203138	BBM33_bowtie2.bam_q5.bam.group	
6	21077830	21077935	6	21077882	21077883	BBM33_bowtie2.bam_q5.bam.group	
7	4960785	4961065	7	4960925	4960926	BBM33_bowtie2.bam_q5.bam.group	
7	166553058	166554267	7	166553662	166553663	BBM33_bowtie2.bam_q5.bam.group	
8	8380374	8395463	8	8387918	8387919	BBM33_bowtie2.bam_q5.bam.group	
1	22775529	22775695	1	22775612	22775613	BBM34_bowtie2.bam_q5.bam.group	
1	229858112	230889733	1	230373922	230373923	BBM34_bowtie2.bam_q5.bam.group	
3	9451153	9451794	3	9451473	9451474	BBM34_bowtie2.bam_q5.bam.group	
4	6477541	6477636	4	6477588	6477589	BBM34_bowtie2.bam_q5.bam.group	
4	177457228	178055810	4	177756519	177756520	BBM34_bowtie2.bam_q5.bam.group	
9	115957476	115957566	9	115957521	115957522	BBM34_bowtie2.bam_q5.bam.group	
9	145160135	145164749	9	145162442	145162443	BBM34_bowtie2.bam_q5.bam.group	
1	6676032	6710261	1	6693146	6693147	BBM35_bowtie2.bam_q5.bam.group	
2	222208911	222210344	2	222209627	222209628	BBM35_bowtie2.bam_q5.bam.group	
3	118892990	122765226	3	120829108	120829109	BBM35_bowtie2.bam_q5.bam.group	
3	201382631	202330348	3	201856489	201856490	BBM35_bowtie2.bam_q5.bam.group	
4	7313892	7316237	4	7315064	7315065	BBM35_bowtie2.bam_q5.bam.group	
4	161028311	161028494	4	161028402	161028403	BBM35_bowtie2.bam_q5.bam.group	
5	185416273	185520299	5	185468286	185468287	BBM35_bowtie2.bam_q5.bam.group	
6	131342945	131348011	6	131345478	131345479	BBM35_bowtie2.bam_q5.bam.group	
7	121021321	121021982	7	121021651	121021652	BBM35_bowtie2.bam_q5.bam.group	
9	138434434	138435469	9	138434951	138434952	BBM35_bowtie2.bam_q5.bam.group	
5	15547586	15547874	5	15547730	15547731	BBM36_bowtie2.bam_q5.bam.group	
7	92327458	92328616	7	92328037	92328038	BBM36_bowtie2.bam_q5.bam.group	
8	171597432	172097091	8	171847261	171847262	BBM36_bowtie2.bam_q5.bam.group	
9	142647214	142648495	9	142647854	142647855	BBM36_bowtie2.bam_q5.bam.group	
2	210389978	210391330	2	210390654	210390655	BBM37_bowtie2.bam_q5.bam.group	
3	48281651	48292945	3	48287298	48287299	BBM37_bowtie2.bam_q5.bam.group	
3	179321534	179328043	3	179324788	179324789	BBM37_bowtie2.bam_q5.bam.group	
4	169899945	172597389	4	171248667	171248668	BBM37_bowtie2.bam_q5.bam.group	
5	84060686	84063998	5	84062342	84062343	BBM37_bowtie2.bam_q5.bam.group	
7	163061529	163061569	7	163061549	163061550	BBM37_bowtie2.bam_q5.bam.group	
9	151936787	151979867	9	151958327	151958328	BBM37_bowtie2.bam_q5.bam.group	
9	20665813	20666714	9	20666263	20666264	BBM37_bowtie2.bam_q5.bam.group	
10	6047900	6066038	10	6056969	6056970	BBM37_bowtie2.bam_q5.bam.group	
10	139811253	139828394	10	139819823	139819824	BBM37_bowtie2.bam_q5.bam.group	
1	263608855	263610148	1	263609501	263609502	BBM38_bowtie2.bam_q5.bam.group	
2	62296604	62299108	2	62297856	62297857	BBM38_bowtie2.bam_q5.bam.group	
3	210358381	210358846	3	210358613	210358614	BBM38_bowtie2.bam_q5.bam.group	
4	234565592	234566804	4	234566198	234566199	BBM38_bowtie2.bam_q5.bam.group	
5	7242999	7246363	5	7244681	7244682	BBM38_bowtie2.bam_q5.bam.group	
5	20490292	20490655	5	20490473	20490474	BBM38_bowtie2.bam_q5.bam.group	
5	195434126	195435411	5	195434768	195434769	BBM38_bowtie2.bam_q5.bam.group	
7	14033631	14045029	7	14039330	14039331	BBM38_bowtie2.bam_q5.bam.group	
8	7761722	7763540	8	7762631	7762632	BBM38_bowtie2.bam_q5.bam.group	
10	134584458	134585360	10	134584909	134584910	BBM38_bowtie2.bam_q5.bam.group	
1	55209240	58430292	1	56819766	56819767	BBM39_bowtie2.bam_q5.bam.group	
1	71213201	71259917	1	71236559	71236560	BBM39_bowtie2.bam_q5.bam.group	
1	76599108	211265586	1	143932347	143932348	BBM39_bowtie2.bam_q5.bam.group	
2	203225096	203227854	2	203226475	203226476	BBM39_bowtie2.bam_q5.bam.group	
3	36662945	36680627	3	36671786	36671787	BBM39_bowtie2.bam_q5.bam.group	
4	37698308	37702844	4	37700576	37700577	BBM39_bowtie2.bam_q5.bam.group	
5	5796115	5796647	5	5796381	5796382	BBM39_bowtie2.bam_q5.bam.group	
7	166827229	166845444	7	166836336	166836337	BBM39_bowtie2.bam_q5.bam.group	
8	159929295	160105895	8	160017595	160017596	BBM39_bowtie2.bam_q5.bam.group	
8	169656188	169656876	8	169656532	169656533	BBM39_bowtie2.bam_q5.bam.group	
9	8461606	8462405	9	8462005	8462006	BBM39_bowtie2.bam_q5.bam.group	
9	138424073	138434434	9	138429253	138429254	BBM39_bowtie2.bam_q5.bam.group	
1	287981185	287983239	1	287982212	287982213	BBM4_bowtie2.bam_q5.bam.group	
3	7124570	7124894	3	7124732	7124733	BBM4_bowtie2.bam_q5.bam.group	
5	59432364	61352145	5	60392254	60392255	BBM4_bowtie2.bam_q5.bam.group	
8	5330517	5330864	8	5330690	5330691	BBM4_bowtie2.bam_q5.bam.group	
10	142793182	142794198	10	142793690	142793691	BBM4_bowtie2.bam_q5.bam.group	
2	15987542	15991526	2	15989534	15989535	BBM40_bowtie2.bam_q5.bam.group	
2	204920270	204920324	2	204920297	204920298	BBM40_bowtie2.bam_q5.bam.group	
5	157404589	160501724	5	158953156	158953157	BBM40_bowtie2.bam_q5.bam.group	
6	23791632	52343663	6	38067647	38067648	BBM40_bowtie2.bam_q5.bam.group	
6	142241901	143748794	6	142995347	142995348	BBM40_bowtie2.bam_q5.bam.group	
7	170761734	172214735	7	171488234	171488235	BBM40_bowtie2.bam_q5.bam.group	
8	12603294	12609939	8	12606616	12606617	BBM40_bowtie2.bam_q5.bam.group	
1	296208088	296225261	1	296216674	296216675	BBM41_bowtie2.bam_q5.bam.group	
5	30712541	30740689	5	30726615	30726616	BBM41_bowtie2.bam_q5.bam.group	
6	149353593	149353749	6	149353671	149353672	BBM41_bowtie2.bam_q5.bam.group	
8	166618056	166618164	8	166618110	166618111	BBM41_bowtie2.bam_q5.bam.group	
9	147981866	147983348	9	147982607	147982608	BBM41_bowtie2.bam_q5.bam.group	
10	133736542	133737364	10	133736953	133736954	BBM41_bowtie2.bam_q5.bam.group	
1	174364768	174365704	1	174365236	174365237	BBM42_bowtie2.bam_q5.bam.group	
2	24678257	24834745	2	24756501	24756502	BBM42_bowtie2.bam_q5.bam.group	
2	212462912	212464669	2	212463790	212463791	BBM42_bowtie2.bam_q5.bam.group	
3	4758750	4760174	3	4759462	4759463	BBM42_bowtie2.bam_q5.bam.group	
4	155017225	155017592	4	155017408	155017409	BBM42_bowtie2.bam_q5.bam.group	
7	158943773	158944166	7	158943969	158943970	BBM42_bowtie2.bam_q5.bam.group	
8	13290392	13290537	8	13290464	13290465	BBM42_bowtie2.bam_q5.bam.group	
8	105846776	105846808	8	105846792	105846793	BBM42_bowtie2.bam_q5.bam.group	
9	143889341	143889458	9	143889399	143889400	BBM42_bowtie2.bam_q5.bam.group	
10	5121648	5123242	10	5122445	5122446	BBM42_bowtie2.bam_q5.bam.group	
1	278609498	278611132	1	278610315	278610316	BBM43_bowtie2.bam_q5.bam.group	
3	127532658	127543829	3	127538243	127538244	BBM43_bowtie2.bam_q5.bam.group	
3	205395155	205395271	3	205395213	205395214	BBM43_bowtie2.bam_q5.bam.group	
4	11567642	11573049	4	11570345	11570346	BBM43_bowtie2.bam_q5.bam.group	
6	95327087	95347237	6	95337162	95337163	BBM43_bowtie2.bam_q5.bam.group	
7	6144987	6161727	7	6153357	6153358	BBM43_bowtie2.bam_q5.bam.group	
7	165812840	165828444	7	165820642	165820643	BBM43_bowtie2.bam_q5.bam.group	
8	4953449	4955574	8	4954511	4954512	BBM43_bowtie2.bam_q5.bam.group	
9	18883426	18884024	9	18883725	18883726	BBM43_bowtie2.bam_q5.bam.group	
10	141472844	141474220	10	141473532	141473533	BBM43_bowtie2.bam_q5.bam.group	
1	200118557	200159732	1	200139144	200139145	BBM44_bowtie2.bam_q5.bam.group	
2	232971896	232987109	2	232979502	232979503	BBM44_bowtie2.bam_q5.bam.group	
4	10221088	10221254	4	10221171	10221172	BBM44_bowtie2.bam_q5.bam.group	
5	11489839	11490036	5	11489937	11489938	BBM44_bowtie2.bam_q5.bam.group	
6	145317528	145318571	6	145318049	145318050	BBM44_bowtie2.bam_q5.bam.group	
7	5325268	5326098	7	5325683	5325684	BBM44_bowtie2.bam_q5.bam.group	
10	145157303	145185943	10	145171623	145171624	BBM44_bowtie2.bam_q5.bam.group	
2	9271370	9271629	2	9271499	9271500	BBM45_bowtie2.bam_q5.bam.group	
8	3119340	4451469	8	3785404	3785405	BBM45_bowtie2.bam_q5.bam.group	
9	147640891	147649756	9	147645323	147645324	BBM45_bowtie2.bam_q5.bam.group	
1	14812655	14812958	1	14812806	14812807	BBM46_bowtie2.bam_q5.bam.group	
1	55209240	58430292	1	56819766	56819767	BBM46_bowtie2.bam_q5.bam.group	
1	66896054	66912846	1	66904450	66904451	BBM46_bowtie2.bam_q5.bam.group	
2	20925218	20925663	2	20925440	20925441	BBM46_bowtie2.bam_q5.bam.group	
3	5298751	5298939	3	5298845	5298846	BBM46_bowtie2.bam_q5.bam.group	
5	13399997	13400624	5	13400310	13400311	BBM46_bowtie2.bam_q5.bam.group	
6	159468645	159471199	6	159469922	159469923	BBM46_bowtie2.bam_q5.bam.group	
7	158219011	158220225	7	158219618	158219619	BBM46_bowtie2.bam_q5.bam.group	
8	7033600	7037782	8	7035691	7035692	BBM46_bowtie2.bam_q5.bam.group	
8	75644392	75644979	8	75644685	75644686	BBM46_bowtie2.bam_q5.bam.group	
9	12887684	12902166	9	12894925	12894926	BBM46_bowtie2.bam_q5.bam.group	
9	141442866	141443054	9	141442960	141442961	BBM46_bowtie2.bam_q5.bam.group	
1	299455559	299499886	1	299477722	299477723	BBM47_bowtie2.bam_q5.bam.group	
2	219120925	219124898	2	219122911	219122912	BBM47_bowtie2.bam_q5.bam.group	
3	5556643	5556692	3	5556667	5556668	BBM47_bowtie2.bam_q5.bam.group	
4	3115796	3148795	4	3132295	3132296	BBM47_bowtie2.bam_q5.bam.group	
4	156967976	156972058	4	156970017	156970018	BBM47_bowtie2.bam_q5.bam.group	
5	13972248	13974039	5	13973143	13973144	BBM47_bowtie2.bam_q5.bam.group	
6	132457150	132642405	6	132549777	132549778	BBM47_bowtie2.bam_q5.bam.group	
6	151974410	151975117	6	151974763	151974764	BBM47_bowtie2.bam_q5.bam.group	
8	99284698	99285840	8	99285269	99285270	BBM47_bowtie2.bam_q5.bam.group	
9	26610085	26631238	9	26620661	26620662	BBM47_bowtie2.bam_q5.bam.group	
9	127853453	127854004	9	127853728	127853729	BBM47_bowtie2.bam_q5.bam.group	
10	113158870	113160770	10	113159820	113159821	BBM47_bowtie2.bam_q5.bam.group	
1	76339515	76339723	1	76339619	76339620	BBM48_bowtie2.bam_q5.bam.group	
1	197273204	197273230	1	197273217	197273218	BBM48_bowtie2.bam_q5.bam.group	
1	249173043	249177486	1	249175264	249175265	BBM48_bowtie2.bam_q5.bam.group	
1	296767828	296768011	1	296767919	296767920	BBM48_bowtie2.bam_q5.bam.group	
2	222271304	222275319	2	222273311	222273312	BBM48_bowtie2.bam_q5.bam.group	
3	199251597	199251978	3	199251787	199251788	BBM48_bowtie2.bam_q5.bam.group	
4	7313631	7313892	4	7313761	7313762	BBM48_bowtie2.bam_q5.bam.group	
5	197947976	197949036	5	197948506	197948507	BBM48_bowtie2.bam_q5.bam.group	
6	154728481	156458362	6	155593421	155593422	BBM48_bowtie2.bam_q5.bam.group	
7	166850849	166853010	7	166851929	166851930	BBM48_bowtie2.bam_q5.bam.group	
8	15550020	15550096	8	15550058	15550059	BBM48_bowtie2.bam_q5.bam.group	
10	6080613	6092456	10	6086534	6086535	BBM48_bowtie2.bam_q5.bam.group	
1	2239328	6038070	1	4138699	4138700	BBM49_bowtie2.bam_q5.bam.group	
1	182326206	182327091	1	182326648	182326649	BBM49_bowtie2.bam_q5.bam.group	
1	256937080	256938712	1	256937896	256937897	BBM49_bowtie2.bam_q5.bam.group	
2	136354043	136354298	2	136354170	136354171	BBM49_bowtie2.bam_q5.bam.group	
3	6861933	7122785	3	6992359	6992360	BBM49_bowtie2.bam_q5.bam.group	
4	13946139	13947498	4	13946818	13946819	BBM49_bowtie2.bam_q5.bam.group	
5	203715902	203717350	5	203716626	203716627	BBM49_bowtie2.bam_q5.bam.group	
6	76581168	97600083	6	87090625	87090626	BBM49_bowtie2.bam_q5.bam.group	
7	162325902	162336904	7	162331403	162331404	BBM49_bowtie2.bam_q5.bam.group	
9	133506633	133506931	9	133506782	133506783	BBM49_bowtie2.bam_q5.bam.group	
10	22640800	23452009	10	23046404	23046405	BBM49_bowtie2.bam_q5.bam.group	
10	99642806	102020783	10	100831794	100831795	BBM49_bowtie2.bam_q5.bam.group	
1	281649847	281651121	1	281650484	281650485	BBM5_bowtie2.bam_q5.bam.group	
2	14326163	14327204	2	14326683	14326684	BBM5_bowtie2.bam_q5.bam.group	
4	5266889	5268309	4	5267599	5267600	BBM5_bowtie2.bam_q5.bam.group	
5	11830423	11882903	5	11856663	11856664	BBM5_bowtie2.bam_q5.bam.group	
7	10552157	10552445	7	10552301	10552302	BBM5_bowtie2.bam_q5.bam.group	
7	147348956	147349861	7	147349408	147349409	BBM5_bowtie2.bam_q5.bam.group	
9	151985032	151986260	9	151985646	151985647	BBM5_bowtie2.bam_q5.bam.group	
9	6219562	6223163	9	6221362	6221363	BBM5_bowtie2.bam_q5.bam.group	
1	296846935	296847455	1	296847195	296847196	BBM50_bowtie2.bam_q5.bam.group	
2	177778290	177779050	2	177778670	177778671	BBM50_bowtie2.bam_q5.bam.group	
2	212464871	212465317	2	212465094	212465095	BBM50_bowtie2.bam_q5.bam.group	
3	3530659	3550935	3	3540797	3540798	BBM50_bowtie2.bam_q5.bam.group	
4	31704847	31711936	4	31708391	31708392	BBM50_bowtie2.bam_q5.bam.group	
6	70086207	70088258	6	70087232	70087233	BBM50_bowtie2.bam_q5.bam.group	
6	133201807	133202426	6	133202116	133202117	BBM50_bowtie2.bam_q5.bam.group	
7	10695544	10695641	7	10695592	10695593	BBM50_bowtie2.bam_q5.bam.group	
10	133728694	133729128	10	133728911	133728912	BBM50_bowtie2.bam_q5.bam.group	
1	2239328	6038070	1	4138699	4138700	BBM51_bowtie2.bam_q5.bam.group	
3	201382631	202330348	3	201856489	201856490	BBM51_bowtie2.bam_q5.bam.group	
4	77454155	77454535	4	77454345	77454346	BBM51_bowtie2.bam_q5.bam.group	
7	163947587	163957098	7	163952342	163952343	BBM51_bowtie2.bam_q5.bam.group	
8	161810459	161810497	8	161810478	161810479	BBM51_bowtie2.bam_q5.bam.group	
9	141453317	141454984	9	141454150	141454151	BBM51_bowtie2.bam_q5.bam.group	
1	2239328	6038070	1	4138699	4138700	BBM52_bowtie2.bam_q5.bam.group	
1	194940958	194942069	1	194941513	194941514	BBM52_bowtie2.bam_q5.bam.group	
1	279134918	279135430	1	279135174	279135175	BBM52_bowtie2.bam_q5.bam.group	
2	219395679	219396196	2	219395937	219395938	BBM52_bowtie2.bam_q5.bam.group	
4	20415179	20452683	4	20433931	20433932	BBM52_bowtie2.bam_q5.bam.group	
6	96028576	96028736	6	96028656	96028657	BBM52_bowtie2.bam_q5.bam.group	
7	131195687	131196827	7	131196257	131196258	BBM52_bowtie2.bam_q5.bam.group	
8	112530920	112531278	8	112531099	112531100	BBM52_bowtie2.bam_q5.bam.group	
9	151367748	151914518	9	151641133	151641134	BBM52_bowtie2.bam_q5.bam.group	
10	9589690	9597679	10	9593684	9593685	BBM52_bowtie2.bam_q5.bam.group	
10	142797208	142797310	10	142797259	142797260	BBM52_bowtie2.bam_q5.bam.group	
1	270669880	270670981	1	270670430	270670431	BBM53_bowtie2.bam_q5.bam.group	
3	178040566	178041134	3	178040850	178040851	BBM53_bowtie2.bam_q5.bam.group	
5	6470578	6476650	5	6473614	6473615	BBM53_bowtie2.bam_q5.bam.group	
7	159836333	159845017	7	159840675	159840676	BBM53_bowtie2.bam_q5.bam.group	
9	146264068	146276321	9	146270194	146270195	BBM53_bowtie2.bam_q5.bam.group	
10	7108030	7112052	10	7110041	7110042	BBM53_bowtie2.bam_q5.bam.group	
10	142726977	142774692	10	142750834	142750835	BBM53_bowtie2.bam_q5.bam.group	
1	15196151	15201230	1	15198690	15198691	BBM54_bowtie2.bam_q5.bam.group	
1	296847526	296847731	1	296847628	296847629	BBM54_bowtie2.bam_q5.bam.group	
2	4671780	4673068	2	4672424	4672425	BBM54_bowtie2.bam_q5.bam.group	
2	231206610	231207522	2	231207066	231207067	BBM54_bowtie2.bam_q5.bam.group	
3	195749948	195752795	3	195751371	195751372	BBM54_bowtie2.bam_q5.bam.group	
4	38724566	38724605	4	38724585	38724586	BBM54_bowtie2.bam_q5.bam.group	
5	17165293	17216449	5	17190871	17190872	BBM54_bowtie2.bam_q5.bam.group	
6	159497075	163293304	6	161395189	161395190	BBM54_bowtie2.bam_q5.bam.group	
7	126220775	126228203	7	126224489	126224490	BBM54_bowtie2.bam_q5.bam.group	
9	16437391	16478330	9	16457860	16457861	BBM54_bowtie2.bam_q5.bam.group	
10	143111670	143162995	10	143137332	143137333	BBM54_bowtie2.bam_q5.bam.group	
2	15997893	15998348	2	15998120	15998121	BBM55_bowtie2.bam_q5.bam.group	
3	2627873	2628753	3	2628313	2628314	BBM55_bowtie2.bam_q5.bam.group	
3	149563068	149563992	3	149563530	149563531	BBM55_bowtie2.bam_q5.bam.group	
4	36306534	36306566	4	36306550	36306551	BBM55_bowtie2.bam_q5.bam.group	
4	178571821	178572575	4	178572198	178572199	BBM55_bowtie2.bam_q5.bam.group	
6	165284773	166747794	6	166016283	166016284	BBM55_bowtie2.bam_q5.bam.group	
7	10685844	10690592	7	10688218	10688219	BBM55_bowtie2.bam_q5.bam.group	
9	13479146	13482482	9	13480814	13480815	BBM55_bowtie2.bam_q5.bam.group	
1	242900077	242918034	1	242909055	242909056	BBM56_bowtie2.bam_q5.bam.group	
1	276952035	276987425	1	276969730	276969731	BBM56_bowtie2.bam_q5.bam.group	
2	21872182	21873374	2	21872778	21872779	BBM56_bowtie2.bam_q5.bam.group	
3	5298751	5298939	3	5298845	5298846	BBM56_bowtie2.bam_q5.bam.group	
3	169721316	169721875	3	169721595	169721596	BBM56_bowtie2.bam_q5.bam.group	
5	10113846	10116576	5	10115211	10115212	BBM56_bowtie2.bam_q5.bam.group	
7	123667124	123678767	7	123672945	123672946	BBM56_bowtie2.bam_q5.bam.group	
9	147649966	147650099	9	147650032	147650033	BBM56_bowtie2.bam_q5.bam.group	
10	143747424	143750729	10	143749076	143749077	BBM56_bowtie2.bam_q5.bam.group	
1	21717914	21719432	1	21718673	21718674	BBM57_bowtie2.bam_q5.bam.group	
1	254244804	254244906	1	254244855	254244856	BBM57_bowtie2.bam_q5.bam.group	
2	71054441	73297261	2	72175851	72175852	BBM57_bowtie2.bam_q5.bam.group	
3	5753799	5754119	3	5753959	5753960	BBM57_bowtie2.bam_q5.bam.group	
4	151682295	151682571	4	151682433	151682434	BBM57_bowtie2.bam_q5.bam.group	
4	157779892	227237753	4	192508822	192508823	BBM57_bowtie2.bam_q5.bam.group	
5	64545977	66395732	5	65470854	65470855	BBM57_bowtie2.bam_q5.bam.group	
5	199307823	199447400	5	199377611	199377612	BBM57_bowtie2.bam_q5.bam.group	
6	69067293	69088625	6	69077959	69077960	BBM57_bowtie2.bam_q5.bam.group	
6	111009265	111139909	6	111074587	111074588	BBM57_bowtie2.bam_q5.bam.group	
7	163935585	163936032	7	163935808	163935809	BBM57_bowtie2.bam_q5.bam.group	
1	30685322	30685537	1	30685429	30685430	BBM58_bowtie2.bam_q5.bam.group	
1	192406709	192407036	1	192406872	192406873	BBM58_bowtie2.bam_q5.bam.group	
2	5719932	5721966	2	5720949	5720950	BBM58_bowtie2.bam_q5.bam.group	
2	146409190	146410067	2	146409628	146409629	BBM58_bowtie2.bam_q5.bam.group	
3	10010483	10010976	3	10010729	10010730	BBM58_bowtie2.bam_q5.bam.group	
5	7701755	7701858	5	7701806	7701807	BBM58_bowtie2.bam_q5.bam.group	
6	159497075	163293304	6	161395189	161395190	BBM58_bowtie2.bam_q5.bam.group	
9	8431505	8431563	9	8431534	8431535	BBM58_bowtie2.bam_q5.bam.group	
9	111331950	111378000	9	111354975	111354976	BBM58_bowtie2.bam_q5.bam.group	
1	45113061	45115495	1	45114278	45114279	BBM59_bowtie2.bam_q5.bam.group	
1	292574047	292574417	1	292574232	292574233	BBM59_bowtie2.bam_q5.bam.group	
2	21793792	21795155	2	21794473	21794474	BBM59_bowtie2.bam_q5.bam.group	
2	233600281	233600861	2	233600571	233600572	BBM59_bowtie2.bam_q5.bam.group	
4	173986105	173986139	4	173986122	173986123	BBM59_bowtie2.bam_q5.bam.group	
7	6739753	6741569	7	6740661	6740662	BBM59_bowtie2.bam_q5.bam.group	
8	19204064	19319448	8	19261756	19261757	BBM59_bowtie2.bam_q5.bam.group	
9	2386073	2522487	9	2454280	2454281	BBM59_bowtie2.bam_q5.bam.group	
10	4255513	4264674	10	4260093	4260094	BBM59_bowtie2.bam_q5.bam.group	
10	142463212	142483700	10	142473456	142473457	BBM59_bowtie2.bam_q5.bam.group	
1	58646339	58647536	1	58646937	58646938	BBM6_bowtie2.bam_q5.bam.group	
1	202581027	202582026	1	202581526	202581527	BBM6_bowtie2.bam_q5.bam.group	
1	242900077	242918034	1	242909055	242909056	BBM6_bowtie2.bam_q5.bam.group	
3	9433430	9435738	3	9434584	9434585	BBM6_bowtie2.bam_q5.bam.group	
3	212616326	228946158	3	220781242	220781243	BBM6_bowtie2.bam_q5.bam.group	
4	180429976	180431288	4	180430632	180430633	BBM6_bowtie2.bam_q5.bam.group	
5	13397994	13399630	5	13398812	13398813	BBM6_bowtie2.bam_q5.bam.group	
6	117443908	122075372	6	119759640	119759641	BBM6_bowtie2.bam_q5.bam.group	
7	166857463	166939280	7	166898371	166898372	BBM6_bowtie2.bam_q5.bam.group	
8	14063823	14064622	8	14064222	14064223	BBM6_bowtie2.bam_q5.bam.group	
8	161528033	161528429	8	161528231	161528232	BBM6_bowtie2.bam_q5.bam.group	
9	143888098	143889341	9	143888719	143888720	BBM6_bowtie2.bam_q5.bam.group	
9	10036301	10124277	9	10080289	10080290	BBM6_bowtie2.bam_q5.bam.group	
1	12812112	12814271	1	12813191	12813192	BBM60_bowtie2.bam_q5.bam.group	
1	19999932	211265586	1	115632759	115632760	BBM60_bowtie2.bam_q5.bam.group	
3	176564789	176567834	3	176566311	176566312	BBM60_bowtie2.bam_q5.bam.group	
4	36884818	36887314	4	36886066	36886067	BBM60_bowtie2.bam_q5.bam.group	
6	68778729	68789692	6	68784210	68784211	BBM60_bowtie2.bam_q5.bam.group	
1	48563345	48566454	1	48564899	48564900	BBM61_bowtie2.bam_q5.bam.group	
1	253136884	253146541	1	253141712	253141713	BBM61_bowtie2.bam_q5.bam.group	
2	160710904	160723759	2	160717331	160717332	BBM61_bowtie2.bam_q5.bam.group	
2	230886149	230886489	2	230886319	230886320	BBM61_bowtie2.bam_q5.bam.group	
3	48498246	48499469	3	48498857	48498858	BBM61_bowtie2.bam_q5.bam.group	
4	3886498	4056279	4	3971388	3971389	BBM61_bowtie2.bam_q5.bam.group	
4	161767325	166733521	4	164250423	164250424	BBM61_bowtie2.bam_q5.bam.group	
6	133376280	133425856	6	133401068	133401069	BBM61_bowtie2.bam_q5.bam.group	
10	127414173	127414851	10	127414512	127414513	BBM61_bowtie2.bam_q5.bam.group	
1	2239328	6038070	1	4138699	4138700	BBM62_bowtie2.bam_q5.bam.group	
1	182312211	182324476	1	182318343	182318344	BBM62_bowtie2.bam_q5.bam.group	
1	293497132	294847767	1	294172449	294172450	BBM62_bowtie2.bam_q5.bam.group	
2	231206610	231207522	2	231207066	231207067	BBM62_bowtie2.bam_q5.bam.group	
3	4022882	4118799	3	4070840	4070841	BBM62_bowtie2.bam_q5.bam.group	
3	149554317	149554477	3	149554397	149554398	BBM62_bowtie2.bam_q5.bam.group	
4	7314464	7314784	4	7314624	7314625	BBM62_bowtie2.bam_q5.bam.group	
4	181258923	181259390	4	181259156	181259157	BBM62_bowtie2.bam_q5.bam.group	
5	5435726	5435979	5	5435852	5435853	BBM62_bowtie2.bam_q5.bam.group	
5	168859765	168860598	5	168860181	168860182	BBM62_bowtie2.bam_q5.bam.group	
7	34453305	34475227	7	34464266	34464267	BBM62_bowtie2.bam_q5.bam.group	
9	20866335	20866519	9	20866427	20866428	BBM62_bowtie2.bam_q5.bam.group	
10	118561686	118561796	10	118561741	118561742	BBM62_bowtie2.bam_q5.bam.group	
1	258364594	258365246	1	258364920	258364921	BBM63_bowtie2.bam_q5.bam.group	
3	19432364	19796955	3	19614659	19614660	BBM63_bowtie2.bam_q5.bam.group	
4	11389064	11389406	4	11389235	11389236	BBM63_bowtie2.bam_q5.bam.group	
5	10077975	10078888	5	10078431	10078432	BBM63_bowtie2.bam_q5.bam.group	
6	132653797	132777227	6	132715512	132715513	BBM63_bowtie2.bam_q5.bam.group	
6	159468645	159471199	6	159469922	159469923	BBM63_bowtie2.bam_q5.bam.group	
7	5326441	5326895	7	5326668	5326669	BBM63_bowtie2.bam_q5.bam.group	
8	11834856	11875267	8	11855061	11855062	BBM63_bowtie2.bam_q5.bam.group	
8	75982373	75986493	8	75984433	75984434	BBM63_bowtie2.bam_q5.bam.group	
9	8245004	8245263	9	8245133	8245134	BBM63_bowtie2.bam_q5.bam.group	
10	139230416	139287677	10	139259046	139259047	BBM63_bowtie2.bam_q5.bam.group	
1	100569507	152914342	1	126741924	126741925	BBM64_bowtie2.bam_q5.bam.group	
1	223765270	223769000	1	223767135	223767136	BBM64_bowtie2.bam_q5.bam.group	
2	213055192	213074305	2	213064748	213064749	BBM64_bowtie2.bam_q5.bam.group	
3	169372395	169378334	3	169375364	169375365	BBM64_bowtie2.bam_q5.bam.group	
6	146214822	146216179	6	146215500	146215501	BBM64_bowtie2.bam_q5.bam.group	
7	25805041	25806234	7	25805637	25805638	BBM64_bowtie2.bam_q5.bam.group	
9	8969888	8970402	9	8970145	8970146	BBM64_bowtie2.bam_q5.bam.group	
1	13684105	13684796	1	13684450	13684451	BBM65_bowtie2.bam_q5.bam.group	
1	69759788	69761805	1	69760796	69760797	BBM65_bowtie2.bam_q5.bam.group	
1	270416335	270416564	1	270416449	270416450	BBM65_bowtie2.bam_q5.bam.group	
2	228958460	228959161	2	228958810	228958811	BBM65_bowtie2.bam_q5.bam.group	
4	169899945	172597389	4	171248667	171248668	BBM65_bowtie2.bam_q5.bam.group	
4	187025827	187077798	4	187051812	187051813	BBM65_bowtie2.bam_q5.bam.group	
6	110828198	111009265	6	110918731	110918732	BBM65_bowtie2.bam_q5.bam.group	
7	5323699	5323978	7	5323838	5323839	BBM65_bowtie2.bam_q5.bam.group	
7	133370490	133370797	7	133370643	133370644	BBM65_bowtie2.bam_q5.bam.group	
9	10943357	10943960	9	10943658	10943659	BBM65_bowtie2.bam_q5.bam.group	
10	139930333	139945727	10	139938030	139938031	BBM65_bowtie2.bam_q5.bam.group	
1	21701136	21703324	1	21702230	21702231	BBM66_bowtie2.bam_q5.bam.group	
1	66818982	66896054	1	66857518	66857519	BBM66_bowtie2.bam_q5.bam.group	
1	225628690	225636464	1	225632577	225632578	BBM66_bowtie2.bam_q5.bam.group	
2	7184438	7185791	2	7185114	7185115	BBM66_bowtie2.bam_q5.bam.group	
3	47299875	47300027	3	47299951	47299952	BBM66_bowtie2.bam_q5.bam.group	
3	200247649	200247933	3	200247791	200247792	BBM66_bowtie2.bam_q5.bam.group	
5	10091682	10092806	5	10092244	10092245	BBM66_bowtie2.bam_q5.bam.group	
5	173929122	173948495	5	173938808	173938809	BBM66_bowtie2.bam_q5.bam.group	
7	138188513	138249146	7	138218829	138218830	BBM66_bowtie2.bam_q5.bam.group	
8	10987115	10990351	8	10988733	10988734	BBM66_bowtie2.bam_q5.bam.group	
9	11440152	11449685	9	11444918	11444919	BBM66_bowtie2.bam_q5.bam.group	
10	4748472	4749761	10	4749116	4749117	BBM66_bowtie2.bam_q5.bam.group	
10	147813338	147815822	10	147814580	147814581	BBM66_bowtie2.bam_q5.bam.group	
3	11062464	11218754	3	11140609	11140610	BBM67_GCCAAT_L007_bowtie2_q5.bam.group	
3	167436938	167437281	3	167437109	167437110	BBM67_GCCAAT_L007_bowtie2_q5.bam.group	
8	169072866	169084367	8	169078616	169078617	BBM67_GCCAAT_L007_bowtie2_q5.bam.group	
9	8420863	8425716	9	8423289	8423290	BBM67_GCCAAT_L007_bowtie2_q5.bam.group	
9	133585532	133585763	9	133585647	133585648	BBM67_GCCAAT_L007_bowtie2_q5.bam.group	
1	281635433	281635555	1	281635494	281635495	BBM67_GCCAAT_L008_bowtie2_q5.bam.group	
2	22610142	22611645	2	22610893	22610894	BBM67_GCCAAT_L008_bowtie2_q5.bam.group	
3	11062464	11178201	3	11120332	11120333	BBM67_GCCAAT_L008_bowtie2_q5.bam.group	
3	168758345	168759815	3	168759080	168759081	BBM67_GCCAAT_L008_bowtie2_q5.bam.group	
6	71682122	71703001	6	71692561	71692562	BBM67_GCCAAT_L008_bowtie2_q5.bam.group	
8	169115649	169121958	8	169118803	169118804	BBM67_GCCAAT_L008_bowtie2_q5.bam.group	
9	8449011	8449110	9	8449060	8449061	BBM67_GCCAAT_L008_bowtie2_q5.bam.group	
9	133585026	133586051	9	133585538	133585539	BBM67_GCCAAT_L008_bowtie2_q5.bam.group	
10	139453623	139796539	10	139625081	139625082	BBM67_GCCAAT_L008_bowtie2_q5.bam.group	
3	5299483	5317927	3	5308705	5308706	BBM68_CAGATC_L007_bowtie2_q5.bam.group	
8	109718606	109721023	8	109719814	109719815	BBM68_CAGATC_L007_bowtie2_q5.bam.group	
9	152373852	152441513	9	152407682	152407683	BBM68_CAGATC_L007_bowtie2_q5.bam.group	
1	268940498	269037631	1	268989064	268989065	BBM68_CAGATC_L008_bowtie2_q5.bam.group	
3	5321988	5324372	3	5323180	5323181	BBM68_CAGATC_L008_bowtie2_q5.bam.group	
4	19110927	19111848	4	19111387	19111388	BBM68_CAGATC_L008_bowtie2_q5.bam.group	
4	192197898	192198001	4	192197949	192197950	BBM68_CAGATC_L008_bowtie2_q5.bam.group	
5	16897792	16897973	5	16897882	16897883	BBM68_CAGATC_L008_bowtie2_q5.bam.group	
8	109762221	109774595	8	109768408	109768409	BBM68_CAGATC_L008_bowtie2_q5.bam.group	
9	152373852	152441513	9	152407682	152407683	BBM68_CAGATC_L008_bowtie2_q5.bam.group	
10	142077252	142077444	10	142077348	142077349	BBM68_CAGATC_L008_bowtie2_q5.bam.group	
1	22380863	22742413	1	22561638	22561639	BBM69_CTTGTA_L007_bowtie2_q5.bam.group	
2	143514434	143519459	2	143516946	143516947	BBM69_CTTGTA_L007_bowtie2_q5.bam.group	
2	215093816	215118782	2	215106299	215106300	BBM69_CTTGTA_L007_bowtie2_q5.bam.group	
3	15434421	15434903	3	15434662	15434663	BBM69_CTTGTA_L007_bowtie2_q5.bam.group	
3	159763427	160077253	3	159920340	159920341	BBM69_CTTGTA_L007_bowtie2_q5.bam.group	
3	190781844	190783140	3	190782492	190782493	BBM69_CTTGTA_L007_bowtie2_q5.bam.group	
3	195599925	228946158	3	212273041	212273042	BBM69_CTTGTA_L007_bowtie2_q5.bam.group	
4	2183047	2183312	4	2183179	2183180	BBM69_CTTGTA_L007_bowtie2_q5.bam.group	
5	4583169	4584128	5	4583648	4583649	BBM69_CTTGTA_L007_bowtie2_q5.bam.group	
6	122077067	122077099	6	122077083	122077084	BBM69_CTTGTA_L007_bowtie2_q5.bam.group	
8	160983168	160985559	8	160984363	160984364	BBM69_CTTGTA_L007_bowtie2_q5.bam.group	
9	141789653	141790252	9	141789952	141789953	BBM69_CTTGTA_L007_bowtie2_q5.bam.group	
10	10284191	10284278	10	10284234	10284235	BBM69_CTTGTA_L007_bowtie2_q5.bam.group	
1	75957819	75960331	1	75959075	75959076	BBM7_bowtie2.bam_q5.bam.group	
1	279567733	279567847	1	279567790	279567791	BBM7_bowtie2.bam_q5.bam.group	
4	27971276	27977614	4	27974445	27974446	BBM7_bowtie2.bam_q5.bam.group	
4	172765473	172771679	4	172768576	172768577	BBM7_bowtie2.bam_q5.bam.group	
7	127891656	127892849	7	127892252	127892253	BBM7_bowtie2.bam_q5.bam.group	
8	71812068	71822251	8	71817159	71817160	BBM7_bowtie2.bam_q5.bam.group	
1	293497132	294847767	1	294172449	294172450	BBM70_CGATGT_L007_bowtie2_q5.bam.group	
2	20382974	20392309	2	20387641	20387642	BBM70_CGATGT_L007_bowtie2_q5.bam.group	
3	7222310	7222608	3	7222459	7222460	BBM70_CGATGT_L007_bowtie2_q5.bam.group	
4	177058832	177058990	4	177058911	177058912	BBM70_CGATGT_L007_bowtie2_q5.bam.group	
5	175607165	175607655	5	175607410	175607411	BBM70_CGATGT_L007_bowtie2_q5.bam.group	
6	36920656	36920715	6	36920685	36920686	BBM70_CGATGT_L007_bowtie2_q5.bam.group	
8	4475820	4475873	8	4475846	4475847	BBM70_CGATGT_L007_bowtie2_q5.bam.group	
9	147503637	147503996	9	147503816	147503817	BBM70_CGATGT_L007_bowtie2_q5.bam.group	
2	17351462	17352102	2	17351782	17351783	BBM71_TGACCA_L007_bowtie2_q5.bam.group	
3	176562071	176563147	3	176562609	176562610	BBM71_TGACCA_L007_bowtie2_q5.bam.group	
6	112957535	112959209	6	112958372	112958373	BBM71_TGACCA_L007_bowtie2_q5.bam.group	
9	22059436	22069483	9	22064459	22064460	BBM71_TGACCA_L007_bowtie2_q5.bam.group	
9	135860489	135863522	9	135862005	135862006	BBM71_TGACCA_L007_bowtie2_q5.bam.group	
10	116228637	116228666	10	116228651	116228652	BBM71_TGACCA_L007_bowtie2_q5.bam.group	
1	256939985	256958209	1	256949097	256949098	BBM72_ACAGTG_L007_bowtie2_q5.bam.group	
6	132393135	132393215	6	132393175	132393176	BBM72_ACAGTG_L007_bowtie2_q5.bam.group	
7	9270541	9280081	7	9275311	9275312	BBM72_ACAGTG_L007_bowtie2_q5.bam.group	
7	161337720	161337869	7	161337794	161337795	BBM72_ACAGTG_L007_bowtie2_q5.bam.group	
9	2931657	6000645	9	4466151	4466152	BBM72_ACAGTG_L007_bowtie2_q5.bam.group	
10	146966547	146967412	10	146966979	146966980	BBM72_ACAGTG_L007_bowtie2_q5.bam.group	
1	21982817	21983253	1	21983035	21983036	BBM73_GCCAAT_L007_bowtie2_q5.bam.group	
2	232615178	232649210	2	232632194	232632195	BBM73_GCCAAT_L007_bowtie2_q5.bam.group	
3	10465278	10466198	3	10465738	10465739	BBM73_GCCAAT_L007_bowtie2_q5.bam.group	
3	149688967	149689426	3	149689196	149689197	BBM73_GCCAAT_L007_bowtie2_q5.bam.group	
4	2888154	2891424	4	2889789	2889790	BBM73_GCCAAT_L007_bowtie2_q5.bam.group	
4	236731702	236731811	4	236731756	236731757	BBM73_GCCAAT_L007_bowtie2_q5.bam.group	
6	20984727	20988969	6	20986848	20986849	BBM73_GCCAAT_L007_bowtie2_q5.bam.group	
8	12463297	12476350	8	12469823	12469824	BBM73_GCCAAT_L007_bowtie2_q5.bam.group	
9	7773306	7773377	9	7773341	7773342	BBM73_GCCAAT_L007_bowtie2_q5.bam.group	
9	108429445	108430662	9	108430053	108430054	BBM73_GCCAAT_L007_bowtie2_q5.bam.group	
1	186593412	243800488	1	215196950	215196951	BBM74_CAGATC_L007_bowtie2_q5.bam.group	
1	293328955	293409076	1	293369015	293369016	BBM74_CAGATC_L007_bowtie2_q5.bam.group	
2	5997304	5998069	2	5997686	5997687	BBM74_CAGATC_L007_bowtie2_q5.bam.group	
6	102413868	102414619	6	102414243	102414244	BBM74_CAGATC_L007_bowtie2_q5.bam.group	
7	5325268	5326098	7	5325683	5325684	BBM74_CAGATC_L007_bowtie2_q5.bam.group	
9	142592678	142592688	9	142592683	142592684	BBM74_CAGATC_L007_bowtie2_q5.bam.group	
1	271274210	271311840	1	271293025	271293026	BBM75_CTTGTA_L007_bowtie2_q5.bam.group	
3	47236452	47268206	3	47252329	47252330	BBM75_CTTGTA_L007_bowtie2_q5.bam.group	
3	206958973	207735201	3	207347087	207347088	BBM75_CTTGTA_L007_bowtie2_q5.bam.group	
4	2526167	2547925	4	2537046	2537047	BBM75_CTTGTA_L007_bowtie2_q5.bam.group	
4	151737024	151746994	4	151742009	151742010	BBM75_CTTGTA_L007_bowtie2_q5.bam.group	
8	15942110	15953158	8	15947634	15947635	BBM75_CTTGTA_L007_bowtie2_q5.bam.group	
9	149745338	149756512	9	149750925	149750926	BBM75_CTTGTA_L007_bowtie2_q5.bam.group	
10	4682877	4687770	10	4685323	4685324	BBM75_CTTGTA_L007_bowtie2_q5.bam.group	
1	14452936	14453039	1	14452987	14452988	BBM76_CGATGT_L006_bowtie2_q5.bam.group	
1	108289413	108289457	1	108289435	108289436	BBM76_CGATGT_L006_bowtie2_q5.bam.group	
2	13344271	13344599	2	13344435	13344436	BBM76_CGATGT_L006_bowtie2_q5.bam.group	
3	158974189	158974360	3	158974274	158974275	BBM76_CGATGT_L006_bowtie2_q5.bam.group	
4	22178167	227237904	4	124708035	124708036	BBM76_CGATGT_L006_bowtie2_q5.bam.group	
5	7462151	7472876	5	7467513	7467514	BBM76_CGATGT_L006_bowtie2_q5.bam.group	
7	94400135	94400477	7	94400306	94400307	BBM76_CGATGT_L006_bowtie2_q5.bam.group	
7	122793161	122810809	7	122801985	122801986	BBM76_CGATGT_L006_bowtie2_q5.bam.group	
7	160682082	160737134	7	160709608	160709609	BBM76_CGATGT_L006_bowtie2_q5.bam.group	
8	1035968	1991278	8	1513623	1513624	BBM76_CGATGT_L006_bowtie2_q5.bam.group	
8	130324675	130324814	8	130324744	130324745	BBM76_CGATGT_L006_bowtie2_q5.bam.group	
9	2931657	6000645	9	4466151	4466152	BBM76_CGATGT_L006_bowtie2_q5.bam.group	
9	147337848	147338317	9	147338082	147338083	BBM76_CGATGT_L006_bowtie2_q5.bam.group	
1	14451671	14452841	1	14452256	14452257	BBM76_CGATGT_L008_bowtie2_q5.bam.group	
1	107848124	107848583	1	107848353	107848354	BBM76_CGATGT_L008_bowtie2_q5.bam.group	
1	203403781	203404670	1	203404225	203404226	BBM76_CGATGT_L008_bowtie2_q5.bam.group	
2	13345481	13345760	2	13345620	13345621	BBM76_CGATGT_L008_bowtie2_q5.bam.group	
3	158975082	158975168	3	158975125	158975126	BBM76_CGATGT_L008_bowtie2_q5.bam.group	
4	17337796	17361866	4	17349831	17349832	BBM76_CGATGT_L008_bowtie2_q5.bam.group	
4	227271699	227272861	4	227272280	227272281	BBM76_CGATGT_L008_bowtie2_q5.bam.group	
5	7521369	7526936	5	7524152	7524153	BBM76_CGATGT_L008_bowtie2_q5.bam.group	
5	201385477	201386836	5	201386156	201386157	BBM76_CGATGT_L008_bowtie2_q5.bam.group	
7	93079907	93083190	7	93081548	93081549	BBM76_CGATGT_L008_bowtie2_q5.bam.group	
7	160682082	160737134	7	160709608	160709609	BBM76_CGATGT_L008_bowtie2_q5.bam.group	
9	2931657	6000645	9	4466151	4466152	BBM76_CGATGT_L008_bowtie2_q5.bam.group	
9	147341106	147341306	9	147341206	147341207	BBM76_CGATGT_L008_bowtie2_q5.bam.group	
1	92260558	92268890	1	92264724	92264725	BBM77_TGACCA_L006_bowtie2_q5.bam.group	
1	188128282	188138383	1	188133332	188133333	BBM77_TGACCA_L006_bowtie2_q5.bam.group	
3	209114400	209116759	3	209115579	209115580	BBM77_TGACCA_L006_bowtie2_q5.bam.group	
4	237317948	237318972	4	237318460	237318461	BBM77_TGACCA_L006_bowtie2_q5.bam.group	
5	23661578	23722697	5	23692137	23692138	BBM77_TGACCA_L006_bowtie2_q5.bam.group	
7	137825639	137987620	7	137906629	137906630	BBM77_TGACCA_L006_bowtie2_q5.bam.group	
7	166848196	166850283	7	166849239	166849240	BBM77_TGACCA_L006_bowtie2_q5.bam.group	
9	140942912	140943192	9	140943052	140943053	BBM77_TGACCA_L006_bowtie2_q5.bam.group	
1	6613328	6613698	1	6613513	6613514	BBM78_ACAGTG_L006_bowtie2_q5.bam.group	
2	2486849	2488228	2	2487538	2487539	BBM78_ACAGTG_L006_bowtie2_q5.bam.group	
4	36859662	36874824	4	36867243	36867244	BBM78_ACAGTG_L006_bowtie2_q5.bam.group	
4	185733905	185752486	4	185743195	185743196	BBM78_ACAGTG_L006_bowtie2_q5.bam.group	
6	123306332	123307784	6	123307058	123307059	BBM78_ACAGTG_L006_bowtie2_q5.bam.group	
7	143024559	143026253	7	143025406	143025407	BBM78_ACAGTG_L006_bowtie2_q5.bam.group	
8	18976453	19117934	8	19047193	19047194	BBM78_ACAGTG_L006_bowtie2_q5.bam.group	
8	160107010	160600220	8	160353615	160353616	BBM78_ACAGTG_L006_bowtie2_q5.bam.group	
9	19876240	19880424	9	19878332	19878333	BBM78_ACAGTG_L006_bowtie2_q5.bam.group	
1	31771563	31774604	1	31773083	31773084	BBM79_GCCAAT_L006_bowtie2_q5.bam.group	
2	33843610	33843701	2	33843655	33843656	BBM79_GCCAAT_L006_bowtie2_q5.bam.group	
2	61823592	61833590	2	61828591	61828592	BBM79_GCCAAT_L006_bowtie2_q5.bam.group	
5	188477914	188493063	5	188485488	188485489	BBM79_GCCAAT_L006_bowtie2_q5.bam.group	
7	162005925	162025423	7	162015674	162015675	BBM79_GCCAAT_L006_bowtie2_q5.bam.group	
8	2994860	3008291	8	3001575	3001576	BBM79_GCCAAT_L006_bowtie2_q5.bam.group	
9	143003057	143037428	9	143020242	143020243	BBM79_GCCAAT_L006_bowtie2_q5.bam.group	
1	90881561	90882184	1	90881872	90881873	BBM8_bowtie2.bam_q5.bam.group	
3	47021437	47069987	3	47045712	47045713	BBM8_bowtie2.bam_q5.bam.group	
3	146644122	146644663	3	146644392	146644393	BBM8_bowtie2.bam_q5.bam.group	
5	196546723	196549271	5	196547997	196547998	BBM8_bowtie2.bam_q5.bam.group	
6	158650554	158650649	6	158650601	158650602	BBM8_bowtie2.bam_q5.bam.group	
7	15416486	15416804	7	15416645	15416646	BBM8_bowtie2.bam_q5.bam.group	
9	7659729	7697721	9	7678725	7678726	BBM8_bowtie2.bam_q5.bam.group	
10	10237853	10245236	10	10241544	10241545	BBM8_bowtie2.bam_q5.bam.group	
1	26575012	26575989	1	26575500	26575501	BBM80_CAGATC_L006_bowtie2_q5.bam.group	
1	246414518	246460597	1	246437557	246437558	BBM80_CAGATC_L006_bowtie2_q5.bam.group	
2	5459039	5460951	2	5459995	5459996	BBM80_CAGATC_L006_bowtie2_q5.bam.group	
2	234826303	234829472	2	234827887	234827888	BBM80_CAGATC_L006_bowtie2_q5.bam.group	
3	5326487	5328732	3	5327609	5327610	BBM80_CAGATC_L006_bowtie2_q5.bam.group	
3	136075231	136083010	3	136079120	136079121	BBM80_CAGATC_L006_bowtie2_q5.bam.group	
4	169873911	172597389	4	171235650	171235651	BBM80_CAGATC_L006_bowtie2_q5.bam.group	
5	14993243	15014577	5	15003910	15003911	BBM80_CAGATC_L006_bowtie2_q5.bam.group	
5	196750357	196752105	5	196751231	196751232	BBM80_CAGATC_L006_bowtie2_q5.bam.group	
6	140724103	140724267	6	140724185	140724186	BBM80_CAGATC_L006_bowtie2_q5.bam.group	
7	13606580	13610265	7	13608422	13608423	BBM80_CAGATC_L006_bowtie2_q5.bam.group	
8	171597432	172097091	8	171847261	171847262	BBM80_CAGATC_L006_bowtie2_q5.bam.group	
1	26575012	26575989	1	26575500	26575501	BBM80_CAGATC_L008_bowtie2_q5.bam.group	
1	246466977	246476535	1	246471756	246471757	BBM80_CAGATC_L008_bowtie2_q5.bam.group	
2	5458485	5460951	2	5459718	5459719	BBM80_CAGATC_L008_bowtie2_q5.bam.group	
2	234805459	234820067	2	234812763	234812764	BBM80_CAGATC_L008_bowtie2_q5.bam.group	
3	5326487	5328732	3	5327609	5327610	BBM80_CAGATC_L008_bowtie2_q5.bam.group	
3	136083010	136083121	3	136083065	136083066	BBM80_CAGATC_L008_bowtie2_q5.bam.group	
4	169873911	172597389	4	171235650	171235651	BBM80_CAGATC_L008_bowtie2_q5.bam.group	
8	172097091	172204850	8	172150970	172150971	BBM80_CAGATC_L008_bowtie2_q5.bam.group	
1	256424778	256424907	1	256424842	256424843	BBM81_CTTGTA_L006_bowtie2_q5.bam.group	
2	199172502	199175422	2	199173962	199173963	BBM81_CTTGTA_L006_bowtie2_q5.bam.group	
3	6861933	7122785	3	6992359	6992360	BBM81_CTTGTA_L006_bowtie2_q5.bam.group	
3	193560948	194963167	3	194262057	194262058	BBM81_CTTGTA_L006_bowtie2_q5.bam.group	
4	172598908	172605407	4	172602157	172602158	BBM81_CTTGTA_L006_bowtie2_q5.bam.group	
5	11922169	11922896	5	11922532	11922533	BBM81_CTTGTA_L006_bowtie2_q5.bam.group	
5	100725861	182600011	5	141662936	141662937	BBM81_CTTGTA_L006_bowtie2_q5.bam.group	
5	188494514	188645633	5	188570073	188570074	BBM81_CTTGTA_L006_bowtie2_q5.bam.group	
6	149704195	149743039	6	149723617	149723618	BBM81_CTTGTA_L006_bowtie2_q5.bam.group	
9	11552301	11552977	9	11552639	11552640	BBM81_CTTGTA_L006_bowtie2_q5.bam.group	
10	14303325	14303891	10	14303608	14303609	BBM81_CTTGTA_L006_bowtie2_q5.bam.group	
10	144747162	144851461	10	144799311	144799312	BBM81_CTTGTA_L006_bowtie2_q5.bam.group	
1	2239328	6038070	1	4138699	4138700	BBM82_CGATGT_L007_bowtie2_q5.bam.group	
1	200159305	200159732	1	200159518	200159519	BBM82_CGATGT_L007_bowtie2_q5.bam.group	
2	16740980	16770788	2	16755884	16755885	BBM82_CGATGT_L007_bowtie2_q5.bam.group	
2	220230918	220233799	2	220232358	220232359	BBM82_CGATGT_L007_bowtie2_q5.bam.group	
4	173995794	173995974	4	173995884	173995885	BBM82_CGATGT_L007_bowtie2_q5.bam.group	
5	4943602	4943722	5	4943662	4943663	BBM82_CGATGT_L007_bowtie2_q5.bam.group	
6	156493967	156589229	6	156541598	156541599	BBM82_CGATGT_L007_bowtie2_q5.bam.group	
7	10989168	10989687	7	10989427	10989428	BBM82_CGATGT_L007_bowtie2_q5.bam.group	
9	6997875	6998398	9	6998136	6998137	BBM82_CGATGT_L007_bowtie2_q5.bam.group	
1	9358009	9358116	1	9358062	9358063	BBM83_TGACCA_L007_bowtie2_q5.bam.group	
1	52811922	52812468	1	52812195	52812196	BBM83_TGACCA_L007_bowtie2_q5.bam.group	
3	2257497	2384238	3	2320867	2320868	BBM83_TGACCA_L007_bowtie2_q5.bam.group	
4	234351442	234353976	4	234352709	234352710	BBM83_TGACCA_L007_bowtie2_q5.bam.group	
10	119102686	119126929	10	119114807	119114808	BBM83_TGACCA_L007_bowtie2_q5.bam.group	
1	156172853	156183986	1	156178419	156178420	BBM84_ACAGTG_L007_bowtie2_q5.bam.group	
3	9582784	9583350	3	9583067	9583068	BBM84_ACAGTG_L007_bowtie2_q5.bam.group	
3	175779839	175869586	3	175824712	175824713	BBM84_ACAGTG_L007_bowtie2_q5.bam.group	
4	182056799	182056880	4	182056839	182056840	BBM84_ACAGTG_L007_bowtie2_q5.bam.group	
6	156828670	156877496	6	156853083	156853084	BBM84_ACAGTG_L007_bowtie2_q5.bam.group	
7	153186762	153216300	7	153201531	153201532	BBM84_ACAGTG_L007_bowtie2_q5.bam.group	
8	164737279	164737540	8	164737409	164737410	BBM84_ACAGTG_L007_bowtie2_q5.bam.group	
9	151936787	151979867	9	151958327	151958328	BBM84_ACAGTG_L007_bowtie2_q5.bam.group	
1	32021207	32021298	1	32021252	32021253	BBM85_GCCAAT_L007_bowtie2_q5.bam.group	
2	39924701	39934021	2	39929361	39929362	BBM85_GCCAAT_L007_bowtie2_q5.bam.group	
2	108939719	108946310	2	108943014	108943015	BBM85_GCCAAT_L007_bowtie2_q5.bam.group	
2	234531771	234532947	2	234532359	234532360	BBM85_GCCAAT_L007_bowtie2_q5.bam.group	
3	159743301	159746578	3	159744939	159744940	BBM85_GCCAAT_L007_bowtie2_q5.bam.group	
4	191584402	191608773	4	191596587	191596588	BBM85_GCCAAT_L007_bowtie2_q5.bam.group	
8	8303628	8303916	8	8303772	8303773	BBM85_GCCAAT_L007_bowtie2_q5.bam.group	
9	142816040	142820523	9	142818281	142818282	BBM85_GCCAAT_L007_bowtie2_q5.bam.group	
10	16508380	16517936	10	16513158	16513159	BBM85_GCCAAT_L007_bowtie2_q5.bam.group	
1	232799631	232799861	1	232799746	232799747	BBM86_CAGATC_L007_bowtie2_q5.bam.group	
2	207381101	207385056	2	207383078	207383079	BBM86_CAGATC_L007_bowtie2_q5.bam.group	
4	179793757	179796481	4	179795119	179795120	BBM86_CAGATC_L007_bowtie2_q5.bam.group	
5	3428746	3429226	5	3428986	3428987	BBM86_CAGATC_L007_bowtie2_q5.bam.group	
5	167995696	168031653	5	168013674	168013675	BBM86_CAGATC_L007_bowtie2_q5.bam.group	
8	22686877	22695585	8	22691231	22691232	BBM86_CAGATC_L007_bowtie2_q5.bam.group	
9	48243972	48244715	9	48244343	48244344	BBM86_CAGATC_L007_bowtie2_q5.bam.group	
9	39529891	39534977	9	39532434	39532435	BBM86_CAGATC_L007_bowtie2_q5.bam.group	
1	234911507	241195874	1	238053690	238053691	BBM87_CTTGTA_L007_bowtie2_q5.bam.group	
1	279186136	279186175	1	279186155	279186156	BBM87_CTTGTA_L007_bowtie2_q5.bam.group	
3	146595629	146601964	3	146598796	146598797	BBM87_CTTGTA_L007_bowtie2_q5.bam.group	
4	181892492	181892926	4	181892709	181892710	BBM87_CTTGTA_L007_bowtie2_q5.bam.group	
5	193429335	193429409	5	193429372	193429373	BBM87_CTTGTA_L007_bowtie2_q5.bam.group	
6	149632977	149642296	6	149637636	149637637	BBM87_CTTGTA_L007_bowtie2_q5.bam.group	
8	4970626	5020361	8	4995493	4995494	BBM87_CTTGTA_L007_bowtie2_q5.bam.group	
8	119267751	119268333	8	119268042	119268043	BBM87_CTTGTA_L007_bowtie2_q5.bam.group	
1	72095955	72096295	1	72096125	72096126	BBM88_CGATGT_L008_bowtie2_q5.bam.group	
1	292878487	292880055	1	292879271	292879272	BBM88_CGATGT_L008_bowtie2_q5.bam.group	
2	232465898	232467911	2	232466904	232466905	BBM88_CGATGT_L008_bowtie2_q5.bam.group	
5	179857862	179862340	5	179860101	179860102	BBM88_CGATGT_L008_bowtie2_q5.bam.group	
7	39656983	39657013	7	39656998	39656999	BBM88_CGATGT_L008_bowtie2_q5.bam.group	
9	142824894	142825013	9	142824953	142824954	BBM88_CGATGT_L008_bowtie2_q5.bam.group	
10	139848516	139850819	10	139849667	139849668	BBM88_CGATGT_L008_bowtie2_q5.bam.group	
2	232876563	232876797	2	232876680	232876681	BBM89_TGACCA_L008_bowtie2_q5.bam.group	
3	19966940	19967451	3	19967195	19967196	BBM89_TGACCA_L008_bowtie2_q5.bam.group	
3	186872343	186886576	3	186879459	186879460	BBM89_TGACCA_L008_bowtie2_q5.bam.group	
5	140258770	140258939	5	140258854	140258855	BBM89_TGACCA_L008_bowtie2_q5.bam.group	
7	160754200	160773354	7	160763777	160763778	BBM89_TGACCA_L008_bowtie2_q5.bam.group	
8	69593128	69608706	8	69600917	69600918	BBM89_TGACCA_L008_bowtie2_q5.bam.group	
10	133111336	133111683	10	133111509	133111510	BBM89_TGACCA_L008_bowtie2_q5.bam.group	
1	71026174	71026278	1	71026226	71026227	BBM9_bowtie2.bam_q5.bam.group	
1	271313123	271334083	1	271323603	271323604	BBM9_bowtie2.bam_q5.bam.group	
4	13426272	13429058	4	13427665	13427666	BBM9_bowtie2.bam_q5.bam.group	
4	169899945	172597389	4	171248667	171248668	BBM9_bowtie2.bam_q5.bam.group	
6	145312453	145314082	6	145313267	145313268	BBM9_bowtie2.bam_q5.bam.group	
7	165903269	165907257	7	165905263	165905264	BBM9_bowtie2.bam_q5.bam.group	
9	137699560	137720412	9	137709986	137709987	BBM9_bowtie2.bam_q5.bam.group	
3	177408376	177408447	3	177408411	177408412	BBM90_ACAGTG_L008_bowtie2_q5.bam.group	
3	193560948	194963167	3	194262057	194262058	BBM90_ACAGTG_L008_bowtie2_q5.bam.group	
4	155009688	155009802	4	155009745	155009746	BBM90_ACAGTG_L008_bowtie2_q5.bam.group	
4	160397735	227237904	4	193817819	193817820	BBM90_ACAGTG_L008_bowtie2_q5.bam.group	
5	38748863	38748938	5	38748900	38748901	BBM90_ACAGTG_L008_bowtie2_q5.bam.group	
5	127624680	127624950	5	127624815	127624816	BBM90_ACAGTG_L008_bowtie2_q5.bam.group	
6	19380723	19381387	6	19381055	19381056	BBM90_ACAGTG_L008_bowtie2_q5.bam.group	
7	6741569	6742206	7	6741887	6741888	BBM90_ACAGTG_L008_bowtie2_q5.bam.group	
8	5287951	5288276	8	5288113	5288114	BBM90_ACAGTG_L008_bowtie2_q5.bam.group	
9	8137411	8146219	9	8141815	8141816	BBM90_ACAGTG_L008_bowtie2_q5.bam.group	
9	153691084	153691297	9	153691190	153691191	BBM90_ACAGTG_L008_bowtie2_q5.bam.group	
10	7129771	7132625	10	7131198	7131199	BBM90_ACAGTG_L008_bowtie2_q5.bam.group	
10	145351019	145351481	10	145351250	145351251	BBM90_ACAGTG_L008_bowtie2_q5.bam.group	
3	3829197	3829340	3	3829268	3829269	BBM91_GCCAAT_L008_bowtie2_q5.bam.group	
3	173515278	173515492	3	173515385	173515386	BBM91_GCCAAT_L008_bowtie2_q5.bam.group	
3	200877937	201139654	3	201008795	201008796	BBM91_GCCAAT_L008_bowtie2_q5.bam.group	
4	5238559	5239228	4	5238893	5238894	BBM91_GCCAAT_L008_bowtie2_q5.bam.group	
6	94833748	94839485	6	94836616	94836617	BBM91_GCCAAT_L008_bowtie2_q5.bam.group	
10	4674596	4674989	10	4674792	4674793	BBM91_GCCAAT_L008_bowtie2_q5.bam.group	
10	142074560	142075248	10	142074904	142074905	BBM91_GCCAAT_L008_bowtie2_q5.bam.group	
1	27137389	27138006	1	27137697	27137698	BBM92_CAGATC_L008_bowtie2_q5.bam.group	
1	202196032	202270080	1	202233056	202233057	BBM92_CAGATC_L008_bowtie2_q5.bam.group	
2	20007585	20007961	2	20007773	20007774	BBM92_CAGATC_L008_bowtie2_q5.bam.group	
2	130287348	130293039	2	130290193	130290194	BBM92_CAGATC_L008_bowtie2_q5.bam.group	
2	225307627	225315023	2	225311325	225311326	BBM92_CAGATC_L008_bowtie2_q5.bam.group	
3	180257804	180258154	3	180257979	180257980	BBM92_CAGATC_L008_bowtie2_q5.bam.group	
7	162184011	162197056	7	162190533	162190534	BBM92_CAGATC_L008_bowtie2_q5.bam.group	
9	134036247	134044244	9	134040245	134040246	BBM92_CAGATC_L008_bowtie2_q5.bam.group	
1	249044381	249154811	1	249099596	249099597	BBM93_CTTGTA_L008_bowtie2_q5.bam.group	
1	290809501	290809620	1	290809560	290809561	BBM93_CTTGTA_L008_bowtie2_q5.bam.group	
3	204457010	204457861	3	204457435	204457436	BBM93_CTTGTA_L008_bowtie2_q5.bam.group	
4	177123846	177124169	4	177124007	177124008	BBM93_CTTGTA_L008_bowtie2_q5.bam.group	
5	16170485	16171090	5	16170787	16170788	BBM93_CTTGTA_L008_bowtie2_q5.bam.group	
5	174935334	174935552	5	174935443	174935444	BBM93_CTTGTA_L008_bowtie2_q5.bam.group	
7	15211408	15212024	7	15211716	15211717	BBM93_CTTGTA_L008_bowtie2_q5.bam.group	
8	162541406	162542081	8	162541743	162541744	BBM93_CTTGTA_L008_bowtie2_q5.bam.group	
9	141538316	141538589	9	141538452	141538453	BBM93_CTTGTA_L008_bowtie2_q5.bam.group	